 4.00000000e+03 1.97000000e+01 5.08000000e-02 3.96000000e+01 3.64840000e-02 1.08684000e+02
 1.60000000e+03 0.00000000e+00 3.04800000e-01 3.96000000e+01 3.10138000e-03 1.24049000e+02
 1.25000000e+03 7.30000000e+00 2.28600000e-01 5.55000000e+01 1.11706000e-02 1.25724000e+02
 1.60000000e+03 4.00000000e+00 2.28600000e-01 3.96000000e+01 4.73801000e-03 1.25319000e+02
 2.00000000e+03 9.50000000e+00 2.54000000e-02 3.17000000e+01 4.61377000e-03 1.30496000e+02
 1.60000000e+03 4.80000000e+00 2.54000000e-02 5.55000000e+01 8.73218000e-04 1.21474000e+02
 5.00000000e+03 3.30000000e+00 1.01600000e-01 3.17000000e+01 2.51435000e-03 1.22082000e+02
 3.15000000e+03 3.00000000e+00 3.04800000e-01 3.96000000e+01 4.95741000e-03 1.18922000e+02
 1.60000000e+03 9.90000000e+00 1.52400000e-01 7.13000000e+01 1.93001000e-02 1.21789000e+02
 6.30000000e+02 0.00000000e+00 3.04800000e-01 3.17000000e+01 3.31266000e-03 1.29095000e+02
 1.25000000e+03 4.00000000e+00 2.28600000e-01 3.96000000e+01 4.73801000e-03 1.28339000e+02
 8.00000000e+02 0.00000000e+00 5.08000000e-02 3.17000000e+01 8.12164000e-04 1.22790000e+02
 4.00000000e+02 0.00000000e+00 3.04800000e-01 3.17000000e+01 3.31266000e-03 1.25045000e+02
 5.00000000e+03 4.00000000e+00 2.28600000e-01 7.13000000e+01 4.00603000e-03 1.21118000e+02
 1.60000000e+04 0.00000000e+00 2.54000000e-02 5.55000000e+01 4.12290000e-04 1.25683000e+02
 1.60000000e+03 8.40000000e+00 5.08000000e-02 3.96000000e+01 5.66229000e-03 1.30965000e+02
 6.30000000e+03 4.00000000e+00 2.28600000e-01 3.96000000e+01 4.73801000e-03 1.14249000e+02
 8.00000000e+02 1.54000000e+01 5.08000000e-02 5.55000000e+01 2.71925000e-02 1.30430000e+02
 3.15000000e+03 2.22000000e+01 2.54000000e-02 7.13000000e+01 2.14178000e-02 1.24127000e+02
 1.25000000e+04 0.00000000e+00 3.04800000e-01 5.55000000e+01 2.83081000e-03 1.11076000e+02
 1.00000000e+03 2.22000000e+01 2.54000000e-02 7.13000000e+01 2.14178000e-02 1.34247000e+02
 6.30000000e+03 4.80000000e+00 2.54000000e-02 3.17000000e+01 9.30789000e-04 1.32898000e+02
 1.60000000e+04 2.70000000e+00 1.52400000e-01 7.13000000e+01 2.43851000e-03 1.10364000e+02
 4.00000000e+03 2.00000000e+00 2.28600000e-01 7.13000000e+01 2.93031000e-03 1.24086000e+02
 5.00000000e+03 1.23000000e+01 1.01600000e-01 5.55000000e+01 3.68233000e-02 1.12014000e+02
 8.00000000e+03 2.70000000e+00 1.52400000e-01 7.13000000e+01 2.43851000e-03 1.20534000e+02
 1.00000000e+03 4.00000000e+00 3.04800000e-01 7.13000000e+01 4.97773000e-03 1.31015000e+02
 5.00000000e+03 4.00000000e+00 3.04800000e-01 7.13000000e+01 4.97773000e-03 1.17785000e+02
 6.30000000e+03 0.00000000e+00 1.01600000e-01 3.96000000e+01 1.46332000e-03 1.25631000e+02
 2.00000000e+02 1.54000000e+01 5.08000000e-02 3.17000000e+01 2.89853000e-02 1.19975000e+02
 2.00000000e+03 2.22000000e+01 2.54000000e-02 7.13000000e+01 2.14178000e-02 1.27197000e+02
 1.25000000e+03 9.50000000e+00 2.54000000e-02 3.17000000e+01 4.61377000e-03 1.31446000e+02
 5.00000000e+02 8.40000000e+00 5.08000000e-02 3.96000000e+01 5.66229000e-03 1.22905000e+02
 8.00000000e+02 1.23000000e+01 1.01600000e-01 3.17000000e+01 4.18756000e-02 1.20037000e+02
 2.00000000e+03 5.40000000e+00 1.52400000e-01 3.17000000e+01 5.25474000e-03 1.22771000e+02
 5.00000000e+02 1.12000000e+01 5.08000000e-02 7.13000000e+01 1.40720000e-02 1.30311000e+02
 1.00000000e+04 0.00000000e+00 1.01600000e-01 7.13000000e+01 1.21072000e-03 1.23305000e+02
 1.60000000e+03 1.97000000e+01 5.08000000e-02 7.13000000e+01 3.41183000e-02 1.20575000e+02
 3.15000000e+03 3.30000000e+00 1.01600000e-01 7.13000000e+01 2.02822000e-03 1.32114000e+02
 6.30000000e+03 1.54000000e+01 5.08000000e-02 7.13000000e+01 2.64269000e-02 1.15215000e+02
 6.30000000e+02 9.50000000e+00 2.54000000e-02 5.55000000e+01 4.32840000e-03 1.25452000e+02
 4.00000000e+03 3.00000000e+00 3.04800000e-01 7.13000000e+01 4.25727000e-03 1.20264000e+02
 1.00000000e+04 5.30000000e+00 2.28600000e-01 7.13000000e+01 5.19420000e-03 1.11350000e+02
 1.00000000e+04 0.00000000e+00 1.52400000e-01 7.13000000e+01 1.59880000e-03 1.20247000e+02
 6.30000000e+02 4.00000000e+00 3.04800000e-01 7.13000000e+01 4.97773000e-03 1.31615000e+02
 2.00000000e+03 5.30000000e+00 2.28600000e-01 3.96000000e+01 6.14329000e-03 1.17911000e+02
 4.00000000e+03 0.00000000e+00 2.28600000e-01 7.13000000e+01 2.14345000e-03 1.25824000e+02
 4.00000000e+03 7.30000000e+00 2.28600000e-01 3.17000000e+01 1.32672000e-02 1.12639000e+02
 2.00000000e+03 0.00000000e+00 2.54000000e-02 5.55000000e+01 4.12290000e-04 1.27623000e+02
 4.00000000e+03 5.40000000e+00 1.52400000e-01 3.96000000e+01 4.85029000e-03 1.17137000e+02
 1.00000000e+03 5.40000000e+00 1.52400000e-01 3.17000000e+01 5.25474000e-03 1.28241000e+02
 2.50000000e+03 4.00000000e+00 2.28600000e-01 3.17000000e+01 5.09068000e-03 1.20209000e+02
 2.50000000e+02 7.30000000e+00 2.28600000e-01 3.17000000e+01 1.32672000e-02 1.30089000e+02
 3.15000000e+02 1.23000000e+01 1.01600000e-01 7.13000000e+01 3.37792000e-02 1.37068000e+02
 1.60000000e+04 0.00000000e+00 2.54000000e-02 3.96000000e+01 4.28464000e-04 1.24986000e+02
 4.00000000e+02 1.97000000e+01 5.08000000e-02 7.13000000e+01 3.41183000e-02 1.23865000e+02
 1.25000000e+03 4.00000000e+00 2.28600000e-01 7.13000000e+01 4.00603000e-03 1.31718000e+02
 5.00000000e+03 9.50000000e+00 2.54000000e-02 3.17000000e+01 4.61377000e-03 1.24426000e+02
 2.50000000e+03 2.00000000e+00 2.28600000e-01 3.17000000e+01 3.72371000e-03 1.21407000e+02
 3.15000000e+03 7.20000000e+00 1.52400000e-01 7.13000000e+01 7.52039000e-03 1.16783000e+02
 2.00000000e+02 1.56000000e+01 1.01600000e-01 3.96000000e+01 5.28487000e-02 1.23514000e+02
 1.60000000e+03 0.00000000e+00 2.54000000e-02 3.96000000e+01 4.28464000e-04 1.24156000e+02
 1.60000000e+03 1.12000000e+01 5.08000000e-02 3.96000000e+01 1.50478000e-02 1.26540000e+02
 1.25000000e+03 4.80000000e+00 2.54000000e-02 3.17000000e+01 9.30789000e-04 1.27408000e+02
 4.00000000e+03 0.00000000e+00 1.01600000e-01 3.96000000e+01 1.46332000e-03 1.27801000e+02
 2.00000000e+02 1.74000000e+01 2.54000000e-02 3.96000000e+01 1.72206000e-02 1.14044000e+02
 6.30000000e+02 7.30000000e+00 2.28600000e-01 7.13000000e+01 1.04404000e-02 1.33768000e+02
 5.00000000e+02 3.00000000e+00 3.04800000e-01 5.55000000e+01 4.52492000e-03 1.28179000e+02
 5.00000000e+03 2.70000000e+00 1.52400000e-01 7.13000000e+01 2.43851000e-03 1.24364000e+02
 5.00000000e+03 7.30000000e+00 2.28600000e-01 3.17000000e+01 1.32672000e-02 1.11029000e+02
 6.30000000e+03 5.30000000e+00 2.28600000e-01 7.13000000e+01 5.19420000e-03 1.16920000e+02
 3.15000000e+03 1.23000000e+01 1.01600000e-01 7.13000000e+01 3.37792000e-02 1.20798000e+02
 3.15000000e+03 3.30000000e+00 1.01600000e-01 3.96000000e+01 2.45138000e-03 1.28401000e+02
 6.30000000e+03 0.00000000e+00 3.04800000e-01 5.55000000e+01 2.83081000e-03 1.17976000e+02
 4.00000000e+03 4.80000000e+00 2.54000000e-02 7.13000000e+01 8.48633000e-04 1.34928000e+02
 2.00000000e+03 9.90000000e+00 1.52400000e-01 7.13000000e+01 1.93001000e-02 1.20779000e+02
 5.00000000e+02 8.90000000e+00 1.01600000e-01 7.13000000e+01 1.03088000e-02 1.38523000e+02
 3.15000000e+03 0.00000000e+00 5.08000000e-02 7.13000000e+01 7.40478000e-04 1.35070000e+02
 1.00000000e+03 0.00000000e+00 1.52400000e-01 7.13000000e+01 1.59880000e-03 1.27307000e+02
 1.25000000e+03 7.30000000e+00 2.28600000e-01 3.96000000e+01 1.23481000e-02 1.23189000e+02
 1.60000000e+03 1.54000000e+01 5.08000000e-02 7.13000000e+01 2.64269000e-02 1.30065000e+02
 8.00000000e+02 0.00000000e+00 1.52400000e-01 7.13000000e+01 1.59880000e-03 1.25817000e+02
 2.00000000e+03 1.54000000e+01 5.08000000e-02 3.96000000e+01 2.82593000e-02 1.23443000e+02
 1.60000000e+03 6.70000000e+00 1.01600000e-01 5.55000000e+01 5.21390000e-03 1.33653000e+02
 6.30000000e+02 9.90000000e+00 1.52400000e-01 5.55000000e+01 2.08438000e-02 1.27315000e+02
 8.00000000e+02 1.50000000e+00 3.04800000e-01 7.13000000e+01 3.36729000e-03 1.27122000e+02
 3.15000000e+03 1.56000000e+01 1.01600000e-01 3.96000000e+01 5.28487000e-02 1.09254000e+02
 5.00000000e+02 8.40000000e+00 5.08000000e-02 5.55000000e+01 5.44854000e-03 1.23742000e+02
 4.00000000e+02 0.00000000e+00 2.28600000e-01 3.96000000e+01 2.53511000e-03 1.23565000e+02
 6.30000000e+03 3.00000000e+00 3.04800000e-01 3.17000000e+01 5.29514000e-03 1.09718000e+02
 5.00000000e+02 2.00000000e+00 2.28600000e-01 7.13000000e+01 2.93031000e-03 1.26486000e+02
 5.00000000e+03 0.00000000e+00 2.54000000e-02 5.55000000e+01 4.12290000e-04 1.35803000e+02
 5.00000000e+03 1.74000000e+01 2.54000000e-02 3.17000000e+01 1.76631000e-02 1.17996000e+02
 2.50000000e+03 9.90000000e+00 1.52400000e-01 3.17000000e+01 2.52785000e-02 1.14729000e+02
 2.00000000e+03 4.00000000e+00 3.04800000e-01 3.96000000e+01 5.79636000e-03 1.20963000e+02
 4.00000000e+02 9.90000000e+00 1.52400000e-01 7.13000000e+01 1.93001000e-02 1.35079000e+02
 2.00000000e+03 1.56000000e+01 1.01600000e-01 3.96000000e+01 5.28487000e-02 1.10894000e+02
 4.00000000e+03 8.40000000e+00 5.08000000e-02 3.17000000e+01 5.80776000e-03 1.18106000e+02
 6.30000000e+02 1.23000000e+01 1.01600000e-01 3.17000000e+01 4.18756000e-02 1.19287000e+02
 8.00000000e+02 3.30000000e+00 1.01600000e-01 5.55000000e+01 2.21100000e-03 1.29119000e+02
 1.00000000e+03 3.00000000e+00 3.04800000e-01 5.55000000e+01 4.52492000e-03 1.29329000e+02
 1.60000000e+03 0.00000000e+00 3.04800000e-01 3.17000000e+01 3.31266000e-03 1.22365000e+02
 6.30000000e+02 9.50000000e+00 2.54000000e-02 7.13000000e+01 4.20654000e-03 1.25726000e+02
 4.00000000e+03 1.12000000e+01 5.08000000e-02 7.13000000e+01 1.40720000e-02 1.22471000e+02
 4.00000000e+03 0.00000000e+00 1.52400000e-01 5.55000000e+01 1.72668000e-03 1.27233000e+02
 5.00000000e+03 0.00000000e+00 2.54000000e-02 3.17000000e+01 4.39472000e-04 1.38607000e+02
 8.00000000e+02 2.00000000e+00 2.28600000e-01 5.55000000e+01 3.13525000e-03 1.28492000e+02
 5.00000000e+02 1.26000000e+01 1.52400000e-01 3.96000000e+01 5.84113000e-02 1.14900000e+02
 1.25000000e+03 0.00000000e+00 5.08000000e-02 5.55000000e+01 7.61930000e-04 1.27076000e+02
 4.00000000e+03 1.23000000e+01 1.01600000e-01 5.55000000e+01 3.68233000e-02 1.14404000e+02
 8.00000000e+03 3.30000000e+00 1.01600000e-01 3.96000000e+01 2.45138000e-03 1.18091000e+02
 2.00000000e+03 3.00000000e+00 3.04800000e-01 7.13000000e+01 4.25727000e-03 1.25524000e+02
 1.60000000e+03 1.50000000e+00 3.04800000e-01 3.96000000e+01 3.92107000e-03 1.22211000e+02
 5.00000000e+02 5.30000000e+00 2.28600000e-01 7.13000000e+01 5.19420000e-03 1.29880000e+02
 8.00000000e+03 1.50000000e+00 3.04800000e-01 7.13000000e+01 3.36729000e-03 1.15372000e+02
 1.60000000e+03 3.30000000e+00 1.01600000e-01 3.96000000e+01 2.45138000e-03 1.33071000e+02
 1.00000000e+03 2.70000000e+00 1.52400000e-01 3.96000000e+01 2.94804000e-03 1.30589000e+02
 6.30000000e+03 0.00000000e+00 2.54000000e-02 3.17000000e+01 4.39472000e-04 1.38537000e+02
 8.00000000e+02 0.00000000e+00 3.04800000e-01 7.13000000e+01 2.66337000e-03 1.26201000e+02
 3.15000000e+02 4.00000000e+00 2.28600000e-01 3.96000000e+01 4.73801000e-03 1.22229000e+02
 2.00000000e+03 1.74000000e+01 2.54000000e-02 5.55000000e+01 1.65706000e-02 1.25261000e+02
 2.50000000e+03 1.12000000e+01 5.08000000e-02 3.96000000e+01 1.50478000e-02 1.22170000e+02
 3.15000000e+02 1.74000000e+01 2.54000000e-02 3.17000000e+01 1.76631000e-02 1.18416000e+02
 1.60000000e+03 3.00000000e+00 3.04800000e-01 7.13000000e+01 4.25727000e-03 1.26514000e+02
 6.30000000e+03 3.00000000e+00 3.04800000e-01 5.55000000e+01 4.52492000e-03 1.15679000e+02
 6.30000000e+02 5.40000000e+00 1.52400000e-01 3.96000000e+01 4.85029000e-03 1.32357000e+02
 3.15000000e+03 3.00000000e+00 3.04800000e-01 3.17000000e+01 5.29514000e-03 1.18108000e+02
 3.15000000e+03 8.90000000e+00 1.01600000e-01 3.96000000e+01 1.24596000e-02 1.19350000e+02
 1.60000000e+03 3.30000000e+00 1.01600000e-01 3.17000000e+01 2.51435000e-03 1.33402000e+02
 1.25000000e+03 0.00000000e+00 1.01600000e-01 3.96000000e+01 1.46332000e-03 1.32271000e+02
 5.00000000e+03 5.40000000e+00 1.52400000e-01 7.13000000e+01 4.01199000e-03 1.20061000e+02
 2.50000000e+03 0.00000000e+00 2.28600000e-01 5.55000000e+01 2.29336000e-03 1.26540000e+02
 1.25000000e+03 3.30000000e+00 1.01600000e-01 3.17000000e+01 2.51435000e-03 1.34022000e+02
 6.30000000e+02 1.23000000e+01 1.01600000e-01 5.55000000e+01 3.68233000e-02 1.24244000e+02
 2.50000000e+03 2.00000000e+00 2.28600000e-01 7.13000000e+01 2.93031000e-03 1.27006000e+02
 1.00000000e+03 8.40000000e+00 5.08000000e-02 7.13000000e+01 5.29514000e-03 1.29946000e+02
 4.00000000e+02 0.00000000e+00 2.28600000e-01 3.17000000e+01 2.72380000e-03 1.23635000e+02
 2.50000000e+03 1.74000000e+01 2.54000000e-02 5.55000000e+01 1.65706000e-02 1.24931000e+02
 4.00000000e+02 1.74000000e+01 2.54000000e-02 3.96000000e+01 1.72206000e-02 1.15444000e+02
 1.60000000e+04 4.00000000e+00 2.28600000e-01 7.13000000e+01 4.00603000e-03 1.12768000e+02
 1.00000000e+03 4.20000000e+00 5.08000000e-02 3.96000000e+01 1.52689000e-03 1.25647000e+02
 4.00000000e+02 1.54000000e+01 5.08000000e-02 5.55000000e+01 2.71925000e-02 1.26500000e+02
 1.25000000e+03 0.00000000e+00 1.52400000e-01 3.17000000e+01 2.09405000e-03 1.31467000e+02
 6.30000000e+03 3.30000000e+00 1.01600000e-01 3.96000000e+01 2.45138000e-03 1.20851000e+02
 2.00000000e+03 1.26000000e+01 1.52400000e-01 3.96000000e+01 5.84113000e-02 1.09520000e+02
 2.00000000e+03 7.30000000e+00 2.28600000e-01 3.96000000e+01 1.23481000e-02 1.17809000e+02
 1.25000000e+03 1.54000000e+01 5.08000000e-02 7.13000000e+01 2.64269000e-02 1.30845000e+02
 1.00000000e+03 1.27000000e+01 2.54000000e-02 3.96000000e+01 1.30253000e-02 1.30947000e+02
 5.00000000e+03 7.30000000e+00 2.28600000e-01 5.55000000e+01 1.11706000e-02 1.13144000e+02
 8.00000000e+03 3.00000000e+00 3.04800000e-01 5.55000000e+01 4.52492000e-03 1.13799000e+02
 1.60000000e+03 1.56000000e+01 1.01600000e-01 3.96000000e+01 5.28487000e-02 1.14554000e+02
 2.00000000e+04 4.80000000e+00 2.54000000e-02 5.55000000e+01 8.73218000e-04 1.21284000e+02
 2.50000000e+03 0.00000000e+00 5.08000000e-02 5.55000000e+01 7.61930000e-04 1.33956000e+02
 2.00000000e+03 1.12000000e+01 5.08000000e-02 7.13000000e+01 1.40720000e-02 1.33311000e+02
 5.00000000e+02 4.00000000e+00 2.28600000e-01 5.55000000e+01 4.28620000e-03 1.27314000e+02
 1.60000000e+03 0.00000000e+00 1.52400000e-01 7.13000000e+01 1.59880000e-03 1.29667000e+02
 1.00000000e+04 7.20000000e+00 1.52400000e-01 7.13000000e+01 7.52039000e-03 1.10313000e+02
 2.00000000e+02 1.97000000e+01 5.08000000e-02 3.96000000e+01 3.64840000e-02 1.25974000e+02
 1.60000000e+04 0.00000000e+00 1.52400000e-01 7.13000000e+01 1.59880000e-03 1.13297000e+02
 4.00000000e+02 1.50000000e+00 3.04800000e-01 3.96000000e+01 3.92107000e-03 1.24001000e+02
 6.30000000e+03 2.00000000e+00 2.28600000e-01 7.13000000e+01 2.93031000e-03 1.20786000e+02
 2.00000000e+03 4.80000000e+00 2.54000000e-02 7.13000000e+01 8.48633000e-04 1.28398000e+02
 6.30000000e+02 0.00000000e+00 1.52400000e-01 5.55000000e+01 1.72668000e-03 1.23583000e+02
 2.00000000e+03 6.70000000e+00 1.01600000e-01 3.17000000e+01 5.92927000e-03 1.20446000e+02
 5.00000000e+03 3.30000000e+00 1.01600000e-01 5.55000000e+01 2.21100000e-03 1.24839000e+02
 5.00000000e+02 2.00000000e+00 2.28600000e-01 5.55000000e+01 3.13525000e-03 1.24692000e+02
 5.00000000e+02 0.00000000e+00 1.52400000e-01 3.96000000e+01 1.93287000e-03 1.19513000e+02
 1.25000000e+03 9.50000000e+00 2.54000000e-02 7.13000000e+01 4.20654000e-03 1.31656000e+02
 5.00000000e+02 4.00000000e+00 3.04800000e-01 7.13000000e+01 4.97773000e-03 1.30715000e+02
 2.50000000e+02 4.00000000e+00 2.28600000e-01 3.17000000e+01 5.09068000e-03 1.20189000e+02
 1.25000000e+03 1.23000000e+01 1.01600000e-01 7.13000000e+01 3.37792000e-02 1.26648000e+02
 4.00000000e+03 1.54000000e+01 5.08000000e-02 3.17000000e+01 2.89853000e-02 1.15635000e+02
 1.60000000e+03 8.40000000e+00 5.08000000e-02 7.13000000e+01 5.29514000e-03 1.33846000e+02
 1.25000000e+03 2.22000000e+01 2.54000000e-02 7.13000000e+01 2.14178000e-02 1.40987000e+02
 3.15000000e+03 0.00000000e+00 1.01600000e-01 7.13000000e+01 1.21072000e-03 1.31955000e+02
 6.30000000e+02 7.30000000e+00 2.28600000e-01 3.96000000e+01 1.23481000e-02 1.28929000e+02
 1.60000000e+03 4.00000000e+00 2.28600000e-01 7.13000000e+01 4.00603000e-03 1.29468000e+02
 8.00000000e+03 0.00000000e+00 5.08000000e-02 5.55000000e+01 7.61930000e-04 1.30156000e+02
 1.00000000e+03 0.00000000e+00 5.08000000e-02 5.55000000e+01 7.61930000e-04 1.25586000e+02
 1.00000000e+04 4.20000000e+00 5.08000000e-02 3.96000000e+01 1.52689000e-03 1.16967000e+02
 6.30000000e+03 1.27000000e+01 2.54000000e-02 3.96000000e+01 1.30253000e-02 1.23177000e+02
 8.00000000e+02 9.50000000e+00 2.54000000e-02 5.55000000e+01 4.32840000e-03 1.28082000e+02
 1.60000000e+03 1.56000000e+01 1.01600000e-01 7.13000000e+01 4.37259000e-02 1.21528000e+02
 1.00000000e+04 4.00000000e+00 2.28600000e-01 7.13000000e+01 4.00603000e-03 1.13108000e+02
 8.00000000e+02 1.26000000e+01 1.52400000e-01 3.96000000e+01 5.84113000e-02 1.16560000e+02
 1.00000000e+04 1.50000000e+00 3.04800000e-01 3.96000000e+01 3.92107000e-03 1.08991000e+02
 8.00000000e+02 3.30000000e+00 1.01600000e-01 3.96000000e+01 2.45138000e-03 1.29991000e+02
 1.25000000e+03 2.70000000e+00 1.52400000e-01 7.13000000e+01 2.43851000e-03 1.30144000e+02
 2.00000000e+02 7.30000000e+00 2.28600000e-01 3.17000000e+01 1.32672000e-02 1.28679000e+02
 2.00000000e+03 4.20000000e+00 5.08000000e-02 7.13000000e+01 1.42788000e-03 1.29848000e+02
 1.00000000e+04 3.00000000e+00 3.04800000e-01 5.55000000e+01 4.52492000e-03 1.12169000e+02
 6.30000000e+02 5.40000000e+00 1.52400000e-01 5.55000000e+01 4.33288000e-03 1.31807000e+02
 4.00000000e+03 2.70000000e+00 1.52400000e-01 7.13000000e+01 2.43851000e-03 1.26534000e+02
 1.60000000e+03 8.90000000e+00 1.01600000e-01 3.96000000e+01 1.24596000e-02 1.23820000e+02
 8.00000000e+03 0.00000000e+00 5.08000000e-02 3.17000000e+01 8.12164000e-04 1.26590000e+02
 1.00000000e+03 3.30000000e+00 1.01600000e-01 3.96000000e+01 2.45138000e-03 1.31971000e+02
 4.00000000e+03 1.54000000e+01 5.08000000e-02 3.96000000e+01 2.82593000e-02 1.18113000e+02
 1.25000000e+03 2.00000000e+00 2.28600000e-01 5.55000000e+01 3.13525000e-03 1.28762000e+02
 6.30000000e+03 1.56000000e+01 1.01600000e-01 3.96000000e+01 5.28487000e-02 1.04204000e+02
 4.00000000e+03 0.00000000e+00 1.01600000e-01 3.17000000e+01 1.50092000e-03 1.26933000e+02
 5.00000000e+02 3.00000000e+00 3.04800000e-01 7.13000000e+01 4.25727000e-03 1.28454000e+02
 5.00000000e+03 8.90000000e+00 1.01600000e-01 3.96000000e+01 1.24596000e-02 1.13080000e+02
 6.30000000e+02 3.30000000e+00 1.01600000e-01 5.55000000e+01 2.21100000e-03 1.26599000e+02
 4.00000000e+03 7.30000000e+00 2.28600000e-01 5.55000000e+01 1.11706000e-02 1.17284000e+02
 1.00000000e+03 8.40000000e+00 5.08000000e-02 3.17000000e+01 5.80776000e-03 1.29516000e+02
 1.25000000e+04 0.00000000e+00 1.52400000e-01 5.55000000e+01 1.72668000e-03 1.17093000e+02
 1.00000000e+03 0.00000000e+00 5.08000000e-02 7.13000000e+01 7.40478000e-04 1.29450000e+02
 4.00000000e+03 2.00000000e+00 2.28600000e-01 3.96000000e+01 3.46574000e-03 1.20227000e+02
 6.30000000e+02 1.26000000e+01 1.52400000e-01 7.13000000e+01 4.83159000e-02 1.23304000e+02
 2.00000000e+03 1.56000000e+01 1.01600000e-01 7.13000000e+01 4.37259000e-02 1.19888000e+02
 6.30000000e+02 3.00000000e+00 3.04800000e-01 3.96000000e+01 4.95741000e-03 1.29292000e+02
 8.00000000e+03 2.22000000e+01 2.54000000e-02 7.13000000e+01 2.14178000e-02 1.21657000e+02
 2.00000000e+03 3.00000000e+00 3.04800000e-01 3.96000000e+01 4.95741000e-03 1.20532000e+02
 4.00000000e+03 0.00000000e+00 5.08000000e-02 3.96000000e+01 7.91822000e-04 1.35308000e+02
 8.00000000e+02 1.23000000e+01 1.01600000e-01 3.96000000e+01 4.08268000e-02 1.22315000e+02
 1.25000000e+04 1.50000000e+00 3.04800000e-01 3.96000000e+01 3.92107000e-03 1.06111000e+02
 8.00000000e+03 4.00000000e+00 3.04800000e-01 7.13000000e+01 4.97773000e-03 1.13665000e+02
 2.50000000e+03 1.27000000e+01 2.54000000e-02 3.96000000e+01 1.30253000e-02 1.29027000e+02
 2.00000000e+03 7.30000000e+00 2.28600000e-01 5.55000000e+01 1.11706000e-02 1.20354000e+02
 6.30000000e+02 7.20000000e+00 1.52400000e-01 7.13000000e+01 7.52039000e-03 1.34853000e+02
 2.00000000e+04 0.00000000e+00 2.28600000e-01 7.13000000e+01 2.14345000e-03 1.14474000e+02
 3.15000000e+03 0.00000000e+00 2.54000000e-02 7.13000000e+01 4.00682000e-04 1.37007000e+02
 5.00000000e+03 1.54000000e+01 5.08000000e-02 3.96000000e+01 2.82593000e-02 1.14453000e+02
 1.00000000e+04 0.00000000e+00 3.04800000e-01 3.17000000e+01 3.31266000e-03 1.08265000e+02
 5.00000000e+03 2.00000000e+00 2.28600000e-01 3.17000000e+01 3.72371000e-03 1.18267000e+02
 2.00000000e+04 0.00000000e+00 2.54000000e-02 7.13000000e+01 4.00682000e-04 1.23217000e+02
 4.00000000e+03 1.12000000e+01 5.08000000e-02 3.96000000e+01 1.50478000e-02 1.15520000e+02
 1.60000000e+03 4.00000000e+00 3.04800000e-01 7.13000000e+01 4.97773000e-03 1.26645000e+02
 8.00000000e+02 7.30000000e+00 2.28600000e-01 3.96000000e+01 1.23481000e-02 1.26299000e+02
 3.15000000e+03 1.23000000e+01 1.01600000e-01 3.96000000e+01 4.08268000e-02 1.13055000e+02
 4.00000000e+02 4.00000000e+00 2.28600000e-01 3.96000000e+01 4.73801000e-03 1.23879000e+02
 4.00000000e+02 4.00000000e+00 3.04800000e-01 7.13000000e+01 4.97773000e-03 1.29575000e+02
 5.00000000e+03 0.00000000e+00 2.54000000e-02 3.96000000e+01 4.28464000e-04 1.36536000e+02
 1.60000000e+03 9.50000000e+00 2.54000000e-02 3.96000000e+01 4.49821000e-03 1.31184000e+02
 2.00000000e+03 2.70000000e+00 1.52400000e-01 3.96000000e+01 2.94804000e-03 1.28139000e+02
 4.00000000e+03 5.30000000e+00 2.28600000e-01 3.96000000e+01 6.14329000e-03 1.15801000e+02
 8.00000000e+02 6.70000000e+00 1.01600000e-01 3.96000000e+01 5.78076000e-03 1.34625000e+02
 2.00000000e+03 5.40000000e+00 1.52400000e-01 7.13000000e+01 4.01199000e-03 1.31111000e+02
 8.00000000e+03 0.00000000e+00 2.54000000e-02 3.96000000e+01 4.28464000e-04 1.35866000e+02
 3.15000000e+03 4.80000000e+00 2.54000000e-02 5.55000000e+01 8.73218000e-04 1.32354000e+02
 2.50000000e+03 0.00000000e+00 5.08000000e-02 3.17000000e+01 8.12164000e-04 1.34870000e+02
 6.30000000e+03 0.00000000e+00 2.54000000e-02 5.55000000e+01 4.12290000e-04 1.36103000e+02
 6.30000000e+03 1.54000000e+01 5.08000000e-02 5.55000000e+01 2.71925000e-02 1.12930000e+02
 2.50000000e+03 1.23000000e+01 1.01600000e-01 7.13000000e+01 3.37792000e-02 1.21318000e+02
 1.00000000e+03 0.00000000e+00 1.52400000e-01 3.17000000e+01 2.09405000e-03 1.30987000e+02
 8.00000000e+03 1.27000000e+01 2.54000000e-02 3.96000000e+01 1.30253000e-02 1.20607000e+02
 1.25000000e+03 5.40000000e+00 1.52400000e-01 7.13000000e+01 4.01199000e-03 1.34111000e+02
 3.15000000e+03 0.00000000e+00 5.08000000e-02 5.55000000e+01 7.61930000e-04 1.34826000e+02
 8.00000000e+02 0.00000000e+00 2.28600000e-01 3.17000000e+01 2.72380000e-03 1.30725000e+02
 5.00000000e+03 7.20000000e+00 1.52400000e-01 3.96000000e+01 9.09175000e-03 1.13288000e+02
 2.50000000e+02 9.90000000e+00 1.52400000e-01 5.55000000e+01 2.08438000e-02 1.33235000e+02
 3.15000000e+03 1.74000000e+01 2.54000000e-02 3.96000000e+01 1.72206000e-02 1.23564000e+02
 5.00000000e+03 4.00000000e+00 2.28600000e-01 3.96000000e+01 4.73801000e-03 1.17649000e+02
 6.30000000e+02 0.00000000e+00 3.04800000e-01 5.55000000e+01 2.83081000e-03 1.27696000e+02
 5.00000000e+03 1.56000000e+01 1.01600000e-01 3.96000000e+01 5.28487000e-02 1.06224000e+02
 2.50000000e+03 1.56000000e+01 1.01600000e-01 3.96000000e+01 5.28487000e-02 1.10264000e+02
 4.00000000e+02 4.00000000e+00 2.28600000e-01 3.17000000e+01 5.09068000e-03 1.26149000e+02
 4.00000000e+03 1.50000000e+00 3.04800000e-01 7.13000000e+01 3.36729000e-03 1.21762000e+02
 1.25000000e+03 5.40000000e+00 1.52400000e-01 3.17000000e+01 5.25474000e-03 1.23991000e+02
 2.00000000e+03 1.23000000e+01 1.01600000e-01 7.13000000e+01 3.37792000e-02 1.22218000e+02
 8.00000000e+02 6.70000000e+00 1.01600000e-01 5.55000000e+01 5.21390000e-03 1.35953000e+02
 6.30000000e+02 6.70000000e+00 1.01600000e-01 5.55000000e+01 5.21390000e-03 1.33023000e+02
 2.50000000e+03 1.26000000e+01 1.52400000e-01 3.96000000e+01 5.84113000e-02 1.06880000e+02
 2.00000000e+03 0.00000000e+00 1.52400000e-01 7.13000000e+01 1.59880000e-03 1.28647000e+02
 1.60000000e+03 3.30000000e+00 1.01600000e-01 7.13000000e+01 2.02822000e-03 1.33664000e+02
 8.00000000e+02 1.27000000e+01 2.54000000e-02 3.96000000e+01 1.30253000e-02 1.30217000e+02
 4.00000000e+03 4.80000000e+00 2.54000000e-02 5.55000000e+01 8.73218000e-04 1.33924000e+02
 3.15000000e+03 0.00000000e+00 3.04800000e-01 3.17000000e+01 3.31266000e-03 1.19135000e+02
 2.00000000e+03 9.50000000e+00 2.54000000e-02 5.55000000e+01 4.32840000e-03 1.34052000e+02
 1.60000000e+03 2.00000000e+00 2.28600000e-01 3.96000000e+01 3.46574000e-03 1.25837000e+02
 5.00000000e+03 0.00000000e+00 1.01600000e-01 3.96000000e+01 1.46332000e-03 1.26021000e+02
 6.30000000e+03 1.50000000e+00 3.04800000e-01 7.13000000e+01 3.36729000e-03 1.18122000e+02
 1.00000000e+03 9.50000000e+00 2.54000000e-02 3.96000000e+01 4.49821000e-03 1.30374000e+02
 3.15000000e+02 1.23000000e+01 1.01600000e-01 5.55000000e+01 3.68233000e-02 1.35674000e+02
 5.00000000e+02 0.00000000e+00 3.04800000e-01 3.17000000e+01 3.31266000e-03 1.27315000e+02
 6.30000000e+02 0.00000000e+00 2.28600000e-01 3.96000000e+01 2.53511000e-03 1.28705000e+02
 2.50000000e+02 7.30000000e+00 2.28600000e-01 5.55000000e+01 1.11706000e-02 1.36384000e+02
 1.00000000e+03 1.97000000e+01 5.08000000e-02 3.96000000e+01 3.64840000e-02 1.18904000e+02
 2.50000000e+02 4.00000000e+00 3.04800000e-01 7.13000000e+01 4.97773000e-03 1.26395000e+02
 2.00000000e+03 4.80000000e+00 2.54000000e-02 5.55000000e+01 8.73218000e-04 1.25054000e+02
 2.00000000e+03 1.74000000e+01 2.54000000e-02 7.13000000e+01 1.61040000e-02 1.26826000e+02
 8.00000000e+02 3.00000000e+00 3.04800000e-01 7.13000000e+01 4.25727000e-03 1.29494000e+02
 8.00000000e+03 4.80000000e+00 2.54000000e-02 3.17000000e+01 9.30789000e-04 1.27008000e+02
 2.50000000e+03 7.20000000e+00 1.52400000e-01 7.13000000e+01 7.52039000e-03 1.24353000e+02
 2.00000000e+03 1.54000000e+01 5.08000000e-02 7.13000000e+01 2.64269000e-02 1.29285000e+02
 2.00000000e+03 8.90000000e+00 1.01600000e-01 7.13000000e+01 1.03088000e-02 1.24233000e+02
 5.00000000e+03 0.00000000e+00 2.28600000e-01 3.96000000e+01 2.53511000e-03 1.22175000e+02
 1.60000000e+03 7.30000000e+00 2.28600000e-01 7.13000000e+01 1.04404000e-02 1.25728000e+02
 2.00000000e+03 8.40000000e+00 5.08000000e-02 7.13000000e+01 5.29514000e-03 1.34476000e+02
 4.00000000e+03 7.20000000e+00 1.52400000e-01 3.96000000e+01 9.09175000e-03 1.14258000e+02
 2.00000000e+03 0.00000000e+00 3.04800000e-01 3.17000000e+01 3.31266000e-03 1.22375000e+02
 2.00000000e+02 2.22000000e+01 2.54000000e-02 3.96000000e+01 2.29028000e-02 1.16066000e+02
 2.50000000e+03 9.50000000e+00 2.54000000e-02 7.13000000e+01 4.20654000e-03 1.35956000e+02
 6.30000000e+03 7.20000000e+00 1.52400000e-01 7.13000000e+01 7.52039000e-03 1.16603000e+02
 2.00000000e+03 1.74000000e+01 2.54000000e-02 3.96000000e+01 1.72206000e-02 1.26644000e+02
 1.60000000e+03 3.00000000e+00 3.04800000e-01 5.55000000e+01 4.52492000e-03 1.24439000e+02
 1.25000000e+03 8.40000000e+00 5.08000000e-02 5.55000000e+01 5.44854000e-03 1.32252000e+02
 4.00000000e+03 4.00000000e+00 2.28600000e-01 7.13000000e+01 4.00603000e-03 1.21728000e+02
 5.00000000e+03 5.30000000e+00 2.28600000e-01 3.96000000e+01 6.14329000e-03 1.15311000e+02
 6.30000000e+02 6.70000000e+00 1.01600000e-01 3.96000000e+01 5.78076000e-03 1.33355000e+02
 3.15000000e+02 2.00000000e+00 2.28600000e-01 3.17000000e+01 3.72371000e-03 1.20147000e+02
 1.25000000e+03 1.97000000e+01 5.08000000e-02 3.96000000e+01 3.64840000e-02 1.18634000e+02
 8.00000000e+03 3.30000000e+00 1.01600000e-01 7.13000000e+01 2.02822000e-03 1.21234000e+02
 1.25000000e+03 3.00000000e+00 3.04800000e-01 5.55000000e+01 4.52492000e-03 1.27329000e+02
 1.00000000e+04 0.00000000e+00 1.52400000e-01 5.55000000e+01 1.72668000e-03 1.19253000e+02
 2.50000000e+03 1.50000000e+00 3.04800000e-01 3.96000000e+01 3.92107000e-03 1.20981000e+02
 4.00000000e+03 9.90000000e+00 1.52400000e-01 3.96000000e+01 2.33328000e-02 1.12265000e+02
 6.30000000e+02 8.90000000e+00 1.01600000e-01 7.13000000e+01 1.03088000e-02 1.38423000e+02
 2.00000000e+03 0.00000000e+00 1.01600000e-01 5.55000000e+01 1.31983000e-03 1.32540000e+02
 4.00000000e+02 3.00000000e+00 3.04800000e-01 3.96000000e+01 4.95741000e-03 1.25472000e+02
 3.15000000e+03 4.00000000e+00 2.28600000e-01 7.13000000e+01 4.00603000e-03 1.24108000e+02
 2.00000000e+03 5.40000000e+00 1.52400000e-01 5.55000000e+01 4.33288000e-03 1.28707000e+02
 2.00000000e+03 2.00000000e+00 2.28600000e-01 3.17000000e+01 3.72371000e-03 1.23037000e+02
 4.00000000e+03 7.30000000e+00 2.28600000e-01 3.96000000e+01 1.23481000e-02 1.14079000e+02
 8.00000000e+02 0.00000000e+00 1.01600000e-01 7.13000000e+01 1.21072000e-03 1.26805000e+02
 1.25000000e+03 6.70000000e+00 1.01600000e-01 3.96000000e+01 5.78076000e-03 1.32395000e+02
 8.00000000e+02 8.40000000e+00 5.08000000e-02 7.13000000e+01 5.29514000e-03 1.27556000e+02
 4.00000000e+03 4.80000000e+00 2.54000000e-02 3.17000000e+01 9.30789000e-04 1.35328000e+02
 3.15000000e+03 1.50000000e+00 3.04800000e-01 3.96000000e+01 3.92107000e-03 1.19111000e+02
 2.00000000e+03 4.00000000e+00 3.04800000e-01 7.13000000e+01 4.97773000e-03 1.24395000e+02
 6.30000000e+03 3.30000000e+00 1.01600000e-01 3.17000000e+01 2.51435000e-03 1.20702000e+02
 2.50000000e+02 1.56000000e+01 1.01600000e-01 7.13000000e+01 4.37259000e-02 1.32158000e+02
 8.00000000e+03 0.00000000e+00 1.01600000e-01 3.96000000e+01 1.46332000e-03 1.22341000e+02
 1.60000000e+03 0.00000000e+00 2.28600000e-01 3.17000000e+01 2.72380000e-03 1.25625000e+02
 1.60000000e+03 4.00000000e+00 2.28600000e-01 3.17000000e+01 5.09068000e-03 1.25229000e+02
 1.60000000e+03 3.00000000e+00 3.04800000e-01 3.96000000e+01 4.95741000e-03 1.22782000e+02
 1.00000000e+03 1.26000000e+01 1.52400000e-01 3.96000000e+01 5.84113000e-02 1.14670000e+02
 2.50000000e+03 1.50000000e+00 3.04800000e-01 7.13000000e+01 3.36729000e-03 1.24512000e+02
 1.00000000e+03 0.00000000e+00 1.01600000e-01 3.96000000e+01 1.46332000e-03 1.30781000e+02
 8.00000000e+03 3.30000000e+00 1.01600000e-01 3.17000000e+01 2.51435000e-03 1.17432000e+02
 6.30000000e+02 0.00000000e+00 1.01600000e-01 3.17000000e+01 1.50092000e-03 1.26413000e+02
 5.00000000e+03 9.90000000e+00 1.52400000e-01 7.13000000e+01 1.93001000e-02 1.14569000e+02
 6.30000000e+02 0.00000000e+00 1.01600000e-01 5.55000000e+01 1.31983000e-03 1.26170000e+02
 2.50000000e+03 0.00000000e+00 1.52400000e-01 7.13000000e+01 1.59880000e-03 1.28127000e+02
 3.15000000e+03 3.00000000e+00 3.04800000e-01 7.13000000e+01 4.25727000e-03 1.21514000e+02
 2.00000000e+03 3.30000000e+00 1.01600000e-01 3.17000000e+01 2.51435000e-03 1.31642000e+02
 6.30000000e+03 5.40000000e+00 1.52400000e-01 3.17000000e+01 5.25474000e-03 1.15591000e+02
 1.60000000e+04 0.00000000e+00 2.28600000e-01 7.13000000e+01 2.14345000e-03 1.14984000e+02
 6.30000000e+02 1.54000000e+01 5.08000000e-02 7.13000000e+01 2.64269000e-02 1.29645000e+02
 2.50000000e+02 1.26000000e+01 1.52400000e-01 7.13000000e+01 4.83159000e-02 1.29744000e+02
 6.30000000e+03 0.00000000e+00 1.01600000e-01 5.55000000e+01 1.31983000e-03 1.27730000e+02
 5.00000000e+03 2.00000000e+00 2.28600000e-01 3.96000000e+01 3.46574000e-03 1.18827000e+02
 3.15000000e+03 5.30000000e+00 2.28600000e-01 7.13000000e+01 5.19420000e-03 1.23120000e+02
 8.00000000e+03 5.40000000e+00 1.52400000e-01 5.55000000e+01 4.33288000e-03 1.14927000e+02
 6.30000000e+03 1.26000000e+01 1.52400000e-01 3.96000000e+01 5.84113000e-02 1.03380000e+02
 8.00000000e+02 6.70000000e+00 1.01600000e-01 7.13000000e+01 4.78288000e-03 1.34478000e+02
 1.00000000e+03 1.23000000e+01 1.01600000e-01 3.17000000e+01 4.18756000e-02 1.19777000e+02
 1.25000000e+03 9.90000000e+00 1.52400000e-01 3.96000000e+01 2.33328000e-02 1.20555000e+02
 4.00000000e+02 2.00000000e+00 2.28600000e-01 3.96000000e+01 3.46574000e-03 1.22147000e+02
 8.00000000e+02 8.40000000e+00 5.08000000e-02 5.55000000e+01 5.44854000e-03 1.28562000e+02
 1.25000000e+03 1.56000000e+01 1.01600000e-01 7.13000000e+01 4.37259000e-02 1.23178000e+02
 1.00000000e+04 0.00000000e+00 2.54000000e-02 7.13000000e+01 4.00682000e-04 1.30787000e+02
 1.25000000e+03 1.23000000e+01 1.01600000e-01 5.55000000e+01 3.68233000e-02 1.24214000e+02
 6.30000000e+02 0.00000000e+00 1.52400000e-01 3.96000000e+01 1.93287000e-03 1.24403000e+02
 2.50000000e+03 1.23000000e+01 1.01600000e-01 3.17000000e+01 4.18756000e-02 1.10317000e+02
 1.25000000e+03 5.40000000e+00 1.52400000e-01 5.55000000e+01 4.33288000e-03 1.30777000e+02
 4.00000000e+02 1.23000000e+01 1.01600000e-01 3.17000000e+01 4.18756000e-02 1.23207000e+02
 2.00000000e+02 9.90000000e+00 1.52400000e-01 3.96000000e+01 2.33328000e-02 1.27315000e+02
 8.00000000e+02 0.00000000e+00 2.28600000e-01 5.55000000e+01 2.29336000e-03 1.27530000e+02
 2.50000000e+02 1.12000000e+01 5.08000000e-02 3.96000000e+01 1.50478000e-02 1.26430000e+02
 3.15000000e+03 4.00000000e+00 2.28600000e-01 5.55000000e+01 4.28620000e-03 1.22394000e+02
 5.00000000e+02 3.00000000e+00 3.04800000e-01 3.17000000e+01 5.29514000e-03 1.27548000e+02
 5.00000000e+03 3.00000000e+00 3.04800000e-01 3.17000000e+01 5.29514000e-03 1.13858000e+02
 3.15000000e+03 1.97000000e+01 5.08000000e-02 7.13000000e+01 3.41183000e-02 1.16225000e+02
 6.30000000e+02 2.00000000e+00 2.28600000e-01 3.17000000e+01 3.72371000e-03 1.29057000e+02
 3.15000000e+03 0.00000000e+00 2.28600000e-01 3.17000000e+01 2.72380000e-03 1.23445000e+02
 2.00000000e+03 9.90000000e+00 1.52400000e-01 5.55000000e+01 2.08438000e-02 1.19505000e+02
 1.25000000e+03 1.74000000e+01 2.54000000e-02 5.55000000e+01 1.65706000e-02 1.29301000e+02
 3.15000000e+03 2.00000000e+00 2.28600000e-01 7.13000000e+01 2.93031000e-03 1.26116000e+02
 1.60000000e+03 1.23000000e+01 1.01600000e-01 7.13000000e+01 3.37792000e-02 1.24748000e+02
 1.25000000e+04 0.00000000e+00 2.54000000e-02 5.55000000e+01 4.12290000e-04 1.31453000e+02
 6.30000000e+02 1.74000000e+01 2.54000000e-02 3.96000000e+01 1.72206000e-02 1.24514000e+02
 4.00000000e+02 2.22000000e+01 2.54000000e-02 7.13000000e+01 2.14178000e-02 1.17927000e+02
 2.50000000e+02 1.27000000e+01 2.54000000e-02 3.96000000e+01 1.30253000e-02 1.21547000e+02
 1.00000000e+04 4.20000000e+00 5.08000000e-02 7.13000000e+01 1.42788000e-03 1.21238000e+02
 6.30000000e+03 7.30000000e+00 2.28600000e-01 3.17000000e+01 1.32672000e-02 1.10689000e+02
 3.15000000e+03 1.27000000e+01 2.54000000e-02 7.13000000e+01 1.21808000e-02 1.33758000e+02
 5.00000000e+02 4.00000000e+00 3.04800000e-01 3.96000000e+01 5.79636000e-03 1.30173000e+02
 1.00000000e+04 1.50000000e+00 3.04800000e-01 7.13000000e+01 3.36729000e-03 1.13492000e+02
 6.30000000e+02 3.30000000e+00 1.01600000e-01 3.17000000e+01 2.51435000e-03 1.28952000e+02
 1.25000000e+03 1.74000000e+01 2.54000000e-02 3.96000000e+01 1.72206000e-02 1.31364000e+02
 1.25000000e+03 1.26000000e+01 1.52400000e-01 3.96000000e+01 5.84113000e-02 1.12160000e+02
 1.60000000e+03 0.00000000e+00 5.08000000e-02 7.13000000e+01 7.40478000e-04 1.29680000e+02
 4.00000000e+02 3.00000000e+00 3.04800000e-01 7.13000000e+01 4.25727000e-03 1.27564000e+02
 6.30000000e+02 0.00000000e+00 2.28600000e-01 5.55000000e+01 2.29336000e-03 1.26160000e+02
 2.50000000e+03 4.00000000e+00 3.04800000e-01 3.96000000e+01 5.79636000e-03 1.20233000e+02
 8.00000000e+02 2.70000000e+00 1.52400000e-01 3.96000000e+01 2.94804000e-03 1.28829000e+02
 6.30000000e+03 4.00000000e+00 2.28600000e-01 3.17000000e+01 5.09068000e-03 1.12699000e+02
 2.50000000e+03 1.23000000e+01 1.01600000e-01 5.55000000e+01 3.68233000e-02 1.17054000e+02
 5.00000000e+03 1.27000000e+01 2.54000000e-02 3.96000000e+01 1.30253000e-02 1.25107000e+02
 2.50000000e+02 8.90000000e+00 1.01600000e-01 3.96000000e+01 1.24596000e-02 1.34340000e+02
 4.00000000e+03 2.00000000e+00 2.28600000e-01 5.55000000e+01 3.13525000e-03 1.22232000e+02
 1.00000000e+03 0.00000000e+00 2.28600000e-01 5.55000000e+01 2.29336000e-03 1.28290000e+02
 2.50000000e+03 3.00000000e+00 3.04800000e-01 7.13000000e+01 4.25727000e-03 1.24024000e+02
 5.00000000e+02 7.30000000e+00 2.28600000e-01 7.13000000e+01 1.04404000e-02 1.36798000e+02
 4.00000000e+02 1.26000000e+01 1.52400000e-01 3.96000000e+01 5.84113000e-02 1.15910000e+02
 3.15000000e+02 1.54000000e+01 5.08000000e-02 7.13000000e+01 2.64269000e-02 1.26195000e+02
 3.15000000e+03 4.80000000e+00 2.54000000e-02 3.96000000e+01 9.07475000e-04 1.33436000e+02
 1.60000000e+03 1.27000000e+01 2.54000000e-02 7.13000000e+01 1.21808000e-02 1.34528000e+02
 5.00000000e+02 1.50000000e+00 3.04800000e-01 3.96000000e+01 3.92107000e-03 1.26661000e+02
 2.50000000e+02 1.54000000e+01 5.08000000e-02 5.55000000e+01 2.71925000e-02 1.24170000e+02
 1.00000000e+03 9.90000000e+00 1.52400000e-01 7.13000000e+01 1.93001000e-02 1.26349000e+02
 5.00000000e+02 1.54000000e+01 5.08000000e-02 3.17000000e+01 2.89853000e-02 1.23695000e+02
 2.00000000e+02 7.30000000e+00 2.28600000e-01 7.13000000e+01 1.04404000e-02 1.38758000e+02
 1.60000000e+03 0.00000000e+00 3.04800000e-01 5.55000000e+01 2.83081000e-03 1.26986000e+02
 2.50000000e+03 5.40000000e+00 1.52400000e-01 3.17000000e+01 5.25474000e-03 1.19151000e+02
 6.30000000e+02 0.00000000e+00 1.52400000e-01 3.17000000e+01 2.09405000e-03 1.25997000e+02
 3.15000000e+03 0.00000000e+00 2.28600000e-01 3.96000000e+01 2.53511000e-03 1.24625000e+02
 5.00000000e+02 9.50000000e+00 2.54000000e-02 3.17000000e+01 4.61377000e-03 1.26886000e+02
 1.00000000e+04 0.00000000e+00 5.08000000e-02 3.17000000e+01 8.12164000e-04 1.22450000e+02
 1.00000000e+03 4.00000000e+00 2.28600000e-01 7.13000000e+01 4.00603000e-03 1.31708000e+02
 8.00000000e+02 2.22000000e+01 2.54000000e-02 3.96000000e+01 2.29028000e-02 1.37076000e+02
 1.00000000e+04 1.27000000e+01 2.54000000e-02 3.96000000e+01 1.30253000e-02 1.16017000e+02
 3.15000000e+03 9.90000000e+00 1.52400000e-01 5.55000000e+01 2.08438000e-02 1.15085000e+02
 2.50000000e+02 9.90000000e+00 1.52400000e-01 7.13000000e+01 1.93001000e-02 1.35329000e+02
 4.00000000e+02 7.30000000e+00 2.28600000e-01 3.17000000e+01 1.32672000e-02 1.30269000e+02
 6.30000000e+02 9.90000000e+00 1.52400000e-01 3.17000000e+01 2.52785000e-02 1.26049000e+02
 5.00000000e+03 1.54000000e+01 5.08000000e-02 3.17000000e+01 2.89853000e-02 1.12355000e+02
 3.15000000e+03 3.30000000e+00 1.01600000e-01 3.17000000e+01 2.51435000e-03 1.28252000e+02
 1.00000000e+04 0.00000000e+00 1.52400000e-01 3.96000000e+01 1.93287000e-03 1.15413000e+02
 4.00000000e+03 0.00000000e+00 2.28600000e-01 3.96000000e+01 2.53511000e-03 1.23465000e+02
 6.30000000e+02 9.50000000e+00 2.54000000e-02 3.17000000e+01 4.61377000e-03 1.29006000e+02
 3.15000000e+03 4.00000000e+00 3.04800000e-01 3.96000000e+01 5.79636000e-03 1.18743000e+02
 4.00000000e+03 0.00000000e+00 3.04800000e-01 7.13000000e+01 2.66337000e-03 1.23061000e+02
 1.60000000e+03 1.97000000e+01 5.08000000e-02 3.96000000e+01 3.64840000e-02 1.17604000e+02
 6.30000000e+03 1.50000000e+00 3.04800000e-01 3.96000000e+01 3.92107000e-03 1.14751000e+02
 4.00000000e+02 1.27000000e+01 2.54000000e-02 3.96000000e+01 1.30253000e-02 1.25527000e+02
 6.30000000e+02 3.00000000e+00 3.04800000e-01 3.17000000e+01 5.29514000e-03 1.28698000e+02
 2.00000000e+03 2.22000000e+01 2.54000000e-02 3.96000000e+01 2.29028000e-02 1.21256000e+02
 1.00000000e+03 0.00000000e+00 1.01600000e-01 5.55000000e+01 1.31983000e-03 1.29800000e+02
 8.00000000e+02 5.40000000e+00 1.52400000e-01 7.13000000e+01 4.01199000e-03 1.31281000e+02
 2.00000000e+02 1.54000000e+01 5.08000000e-02 5.55000000e+01 2.71925000e-02 1.22940000e+02
 1.60000000e+03 7.20000000e+00 1.52400000e-01 3.96000000e+01 9.09175000e-03 1.20058000e+02
 2.50000000e+02 1.23000000e+01 1.01600000e-01 3.17000000e+01 4.18756000e-02 1.25857000e+02
 4.00000000e+03 0.00000000e+00 2.54000000e-02 3.96000000e+01 4.28464000e-04 1.35346000e+02
 1.25000000e+03 0.00000000e+00 1.52400000e-01 3.96000000e+01 1.93287000e-03 1.31023000e+02
 1.25000000e+03 1.26000000e+01 1.52400000e-01 7.13000000e+01 4.83159000e-02 1.20154000e+02
 3.15000000e+03 0.00000000e+00 3.04800000e-01 7.13000000e+01 2.66337000e-03 1.25201000e+02
 8.00000000e+02 1.54000000e+01 5.08000000e-02 3.17000000e+01 2.89853000e-02 1.25555000e+02
 6.30000000e+03 0.00000000e+00 1.01600000e-01 3.17000000e+01 1.50092000e-03 1.24253000e+02
 3.15000000e+02 1.74000000e+01 2.54000000e-02 7.13000000e+01 1.61040000e-02 1.15846000e+02
 4.00000000e+02 1.56000000e+01 1.01600000e-01 3.96000000e+01 5.28487000e-02 1.20484000e+02
 1.25000000e+03 9.50000000e+00 2.54000000e-02 5.55000000e+01 4.32840000e-03 1.32202000e+02
 1.60000000e+03 1.23000000e+01 1.01600000e-01 3.96000000e+01 4.08268000e-02 1.17875000e+02
 2.50000000e+03 8.90000000e+00 1.01600000e-01 7.13000000e+01 1.03088000e-02 1.23623000e+02
 3.15000000e+03 9.50000000e+00 2.54000000e-02 3.96000000e+01 4.49821000e-03 1.29934000e+02
 2.50000000e+03 1.74000000e+01 2.54000000e-02 3.17000000e+01 1.76631000e-02 1.24166000e+02
 4.00000000e+03 5.30000000e+00 2.28600000e-01 7.13000000e+01 5.19420000e-03 1.20330000e+02
 2.00000000e+03 3.30000000e+00 1.01600000e-01 3.96000000e+01 2.45138000e-03 1.32301000e+02
 1.00000000e+04 4.80000000e+00 2.54000000e-02 5.55000000e+01 8.73218000e-04 1.26944000e+02
 4.00000000e+03 7.30000000e+00 2.28600000e-01 7.13000000e+01 1.04404000e-02 1.19208000e+02
 1.25000000e+03 2.22000000e+01 2.54000000e-02 3.96000000e+01 2.29028000e-02 1.26446000e+02
 3.15000000e+02 1.97000000e+01 5.08000000e-02 3.96000000e+01 3.64840000e-02 1.29864000e+02
 8.00000000e+02 0.00000000e+00 5.08000000e-02 7.13000000e+01 7.40478000e-04 1.30960000e+02
 3.15000000e+03 0.00000000e+00 3.04800000e-01 3.96000000e+01 3.10138000e-03 1.20319000e+02
 2.50000000e+03 1.27000000e+01 2.54000000e-02 7.13000000e+01 1.21808000e-02 1.34058000e+02
 1.25000000e+03 0.00000000e+00 1.01600000e-01 5.55000000e+01 1.31983000e-03 1.31430000e+02
 1.25000000e+03 0.00000000e+00 3.04800000e-01 3.17000000e+01 3.31266000e-03 1.24355000e+02
 6.30000000e+03 9.50000000e+00 2.54000000e-02 3.17000000e+01 4.61377000e-03 1.20726000e+02
 4.00000000e+03 0.00000000e+00 5.08000000e-02 5.55000000e+01 7.61930000e-04 1.34946000e+02
 1.25000000e+04 2.70000000e+00 1.52400000e-01 3.96000000e+01 2.94804000e-03 1.08649000e+02
 5.00000000e+03 0.00000000e+00 2.28600000e-01 5.55000000e+01 2.29336000e-03 1.22410000e+02
 1.00000000e+03 2.00000000e+00 2.28600000e-01 7.13000000e+01 2.93031000e-03 1.28956000e+02
 6.30000000e+03 4.20000000e+00 5.08000000e-02 3.96000000e+01 1.52689000e-03 1.25717000e+02
 8.00000000e+03 4.80000000e+00 2.54000000e-02 5.55000000e+01 8.73218000e-04 1.32184000e+02
 5.00000000e+03 7.20000000e+00 1.52400000e-01 7.13000000e+01 7.52039000e-03 1.18343000e+02
 3.15000000e+03 1.26000000e+01 1.52400000e-01 7.13000000e+01 4.83159000e-02 1.13334000e+02
 5.00000000e+03 5.30000000e+00 2.28600000e-01 7.13000000e+01 5.19420000e-03 1.18050000e+02
 5.00000000e+02 1.74000000e+01 2.54000000e-02 3.17000000e+01 1.76631000e-02 1.27676000e+02
 4.00000000e+03 2.70000000e+00 1.52400000e-01 3.96000000e+01 2.94804000e-03 1.21889000e+02
 6.30000000e+02 1.54000000e+01 5.08000000e-02 5.55000000e+01 2.71925000e-02 1.29330000e+02
 5.00000000e+02 4.80000000e+00 2.54000000e-02 3.96000000e+01 9.07475000e-04 1.16366000e+02
 5.00000000e+03 1.54000000e+01 5.08000000e-02 5.55000000e+01 2.71925000e-02 1.17110000e+02
 1.60000000e+03 9.90000000e+00 1.52400000e-01 3.17000000e+01 2.52785000e-02 1.17119000e+02
 5.00000000e+02 1.54000000e+01 5.08000000e-02 3.96000000e+01 2.82593000e-02 1.25963000e+02
 3.15000000e+02 3.00000000e+00 3.04800000e-01 3.96000000e+01 4.95741000e-03 1.23312000e+02
 2.50000000e+02 7.30000000e+00 2.28600000e-01 7.13000000e+01 1.04404000e-02 1.39918000e+02
 1.00000000e+03 2.00000000e+00 2.28600000e-01 3.17000000e+01 3.72371000e-03 1.30307000e+02
 1.25000000e+03 6.70000000e+00 1.01600000e-01 5.55000000e+01 5.21390000e-03 1.36883000e+02
 4.00000000e+03 0.00000000e+00 1.01600000e-01 5.55000000e+01 1.31983000e-03 1.29500000e+02
 2.00000000e+02 1.54000000e+01 5.08000000e-02 7.13000000e+01 2.64269000e-02 1.23595000e+02
 1.00000000e+03 0.00000000e+00 1.52400000e-01 3.96000000e+01 1.93287000e-03 1.30033000e+02
 2.00000000e+02 1.12000000e+01 5.08000000e-02 7.13000000e+01 1.40720000e-02 1.25941000e+02
 8.00000000e+03 0.00000000e+00 1.01600000e-01 7.13000000e+01 1.21072000e-03 1.25465000e+02
 8.00000000e+02 4.00000000e+00 2.28600000e-01 3.96000000e+01 4.73801000e-03 1.30469000e+02
 5.00000000e+03 1.23000000e+01 1.01600000e-01 3.96000000e+01 4.08268000e-02 1.08625000e+02
 5.00000000e+02 2.00000000e+00 2.28600000e-01 3.17000000e+01 3.72371000e-03 1.26677000e+02
 2.50000000e+03 0.00000000e+00 1.01600000e-01 7.13000000e+01 1.21072000e-03 1.32595000e+02
 8.00000000e+03 4.80000000e+00 2.54000000e-02 3.96000000e+01 9.07475000e-04 1.31346000e+02
 4.00000000e+02 9.50000000e+00 2.54000000e-02 3.17000000e+01 4.61377000e-03 1.24756000e+02
 4.00000000e+03 4.00000000e+00 3.04800000e-01 7.13000000e+01 4.97773000e-03 1.19535000e+02
 2.00000000e+03 0.00000000e+00 1.52400000e-01 3.96000000e+01 1.93287000e-03 1.29633000e+02
 2.50000000e+03 7.30000000e+00 2.28600000e-01 5.55000000e+01 1.11706000e-02 1.18994000e+02
 1.00000000e+04 2.00000000e+00 2.28600000e-01 7.13000000e+01 2.93031000e-03 1.13086000e+02
 8.00000000e+02 8.40000000e+00 5.08000000e-02 3.17000000e+01 5.80776000e-03 1.28246000e+02
 6.30000000e+03 1.74000000e+01 2.54000000e-02 5.55000000e+01 1.65706000e-02 1.14861000e+02
 2.50000000e+02 1.54000000e+01 5.08000000e-02 3.96000000e+01 2.82593000e-02 1.22893000e+02
 3.15000000e+02 9.90000000e+00 1.52400000e-01 3.96000000e+01 2.33328000e-02 1.28595000e+02
 8.00000000e+03 0.00000000e+00 2.54000000e-02 7.13000000e+01 4.00682000e-04 1.29867000e+02
 8.00000000e+03 7.20000000e+00 1.52400000e-01 3.96000000e+01 9.09175000e-03 1.11588000e+02
 3.15000000e+02 5.30000000e+00 2.28600000e-01 3.96000000e+01 6.14329000e-03 1.29691000e+02
 3.15000000e+03 5.30000000e+00 2.28600000e-01 3.96000000e+01 6.14329000e-03 1.18441000e+02
 2.00000000e+03 1.54000000e+01 5.08000000e-02 5.55000000e+01 2.71925000e-02 1.27040000e+02
 6.30000000e+03 9.50000000e+00 2.54000000e-02 7.13000000e+01 4.20654000e-03 1.27246000e+02
 1.60000000e+03 2.70000000e+00 1.52400000e-01 3.96000000e+01 2.94804000e-03 1.30049000e+02
 8.00000000e+02 7.30000000e+00 2.28600000e-01 5.55000000e+01 1.11706000e-02 1.28444000e+02
 3.15000000e+03 9.90000000e+00 1.52400000e-01 7.13000000e+01 1.93001000e-02 1.16849000e+02
 6.30000000e+03 0.00000000e+00 2.54000000e-02 7.13000000e+01 4.00682000e-04 1.34987000e+02
 1.00000000e+03 5.40000000e+00 1.52400000e-01 5.55000000e+01 4.33288000e-03 1.32127000e+02
 8.00000000e+03 1.54000000e+01 5.08000000e-02 7.13000000e+01 2.64269000e-02 1.12675000e+02
 1.00000000e+03 2.00000000e+00 2.28600000e-01 5.55000000e+01 3.13525000e-03 1.29002000e+02
 1.25000000e+03 8.40000000e+00 5.08000000e-02 3.17000000e+01 5.80776000e-03 1.30156000e+02
 1.00000000e+04 0.00000000e+00 1.01600000e-01 5.55000000e+01 1.31983000e-03 1.21930000e+02
 3.15000000e+02 1.54000000e+01 5.08000000e-02 5.55000000e+01 2.71925000e-02 1.25390000e+02
 1.25000000e+03 0.00000000e+00 1.52400000e-01 7.13000000e+01 1.59880000e-03 1.28927000e+02
 1.60000000e+04 0.00000000e+00 3.04800000e-01 7.13000000e+01 2.66337000e-03 1.08721000e+02
 1.00000000e+04 0.00000000e+00 3.04800000e-01 7.13000000e+01 2.66337000e-03 1.15391000e+02
 4.00000000e+02 7.20000000e+00 1.52400000e-01 7.13000000e+01 7.52039000e-03 1.30123000e+02
 6.30000000e+03 2.70000000e+00 1.52400000e-01 3.96000000e+01 2.94804000e-03 1.19209000e+02
 1.60000000e+03 4.80000000e+00 2.54000000e-02 3.17000000e+01 9.30789000e-04 1.28718000e+02
 1.25000000e+04 0.00000000e+00 2.28600000e-01 7.13000000e+01 2.14345000e-03 1.17624000e+02
 5.00000000e+03 0.00000000e+00 3.04800000e-01 3.17000000e+01 3.31266000e-03 1.15645000e+02
 3.15000000e+03 1.74000000e+01 2.54000000e-02 7.13000000e+01 1.61040000e-02 1.26536000e+02
 3.15000000e+03 0.00000000e+00 1.01600000e-01 3.17000000e+01 1.50092000e-03 1.29973000e+02
 6.30000000e+03 1.74000000e+01 2.54000000e-02 7.13000000e+01 1.61040000e-02 1.19916000e+02
 6.30000000e+03 0.00000000e+00 1.52400000e-01 5.55000000e+01 1.72668000e-03 1.23303000e+02
 3.15000000e+02 0.00000000e+00 2.28600000e-01 3.17000000e+01 2.72380000e-03 1.20595000e+02
 3.15000000e+03 1.26000000e+01 1.52400000e-01 3.96000000e+01 5.84113000e-02 1.06260000e+02
 1.60000000e+03 5.40000000e+00 1.52400000e-01 7.13000000e+01 4.01199000e-03 1.33241000e+02
 2.00000000e+02 9.90000000e+00 1.52400000e-01 3.17000000e+01 2.52785000e-02 1.27299000e+02
 1.00000000e+03 9.90000000e+00 1.52400000e-01 5.55000000e+01 2.08438000e-02 1.24665000e+02
 2.50000000e+02 1.74000000e+01 2.54000000e-02 3.96000000e+01 1.72206000e-02 1.14714000e+02
 5.00000000e+03 9.50000000e+00 2.54000000e-02 5.55000000e+01 4.32840000e-03 1.28412000e+02
 5.00000000e+03 0.00000000e+00 1.52400000e-01 7.13000000e+01 1.59880000e-03 1.26457000e+02
 2.00000000e+03 1.50000000e+00 3.04800000e-01 7.13000000e+01 3.36729000e-03 1.26642000e+02
 6.30000000e+03 2.00000000e+00 2.28600000e-01 5.55000000e+01 3.13525000e-03 1.18712000e+02
 1.60000000e+03 0.00000000e+00 2.28600000e-01 5.55000000e+01 2.29336000e-03 1.26790000e+02
 1.25000000e+04 1.50000000e+00 3.04800000e-01 7.13000000e+01 3.36729000e-03 1.09222000e+02
 2.50000000e+03 0.00000000e+00 2.28600000e-01 3.96000000e+01 2.53511000e-03 1.25025000e+02
 5.00000000e+02 9.90000000e+00 1.52400000e-01 5.55000000e+01 2.08438000e-02 1.27815000e+02
 5.00000000e+03 3.30000000e+00 1.01600000e-01 3.96000000e+01 2.45138000e-03 1.22371000e+02
 3.15000000e+03 1.23000000e+01 1.01600000e-01 3.17000000e+01 4.18756000e-02 1.10307000e+02
 2.00000000e+02 9.90000000e+00 1.52400000e-01 5.55000000e+01 2.08438000e-02 1.31955000e+02
 8.00000000e+02 0.00000000e+00 3.04800000e-01 5.55000000e+01 2.83081000e-03 1.28086000e+02
 3.15000000e+02 1.12000000e+01 5.08000000e-02 7.13000000e+01 1.40720000e-02 1.28381000e+02
 4.00000000e+03 1.74000000e+01 2.54000000e-02 3.96000000e+01 1.72206000e-02 1.22724000e+02
 1.00000000e+03 0.00000000e+00 2.28600000e-01 3.96000000e+01 2.53511000e-03 1.30435000e+02
 1.25000000e+03 1.54000000e+01 5.08000000e-02 3.17000000e+01 2.89853000e-02 1.23255000e+02
 6.30000000e+02 2.22000000e+01 2.54000000e-02 3.96000000e+01 2.29028000e-02 1.37026000e+02
 2.00000000e+03 7.20000000e+00 1.52400000e-01 3.96000000e+01 9.09175000e-03 1.20228000e+02
 4.00000000e+03 1.74000000e+01 2.54000000e-02 3.17000000e+01 1.76631000e-02 1.21996000e+02
 2.50000000e+02 1.74000000e+01 2.54000000e-02 7.13000000e+01 1.61040000e-02 1.13796000e+02
 4.00000000e+02 9.90000000e+00 1.52400000e-01 5.55000000e+01 2.08438000e-02 1.31605000e+02
 2.00000000e+03 0.00000000e+00 1.01600000e-01 3.17000000e+01 1.50092000e-03 1.33153000e+02
 4.00000000e+02 6.70000000e+00 1.01600000e-01 3.96000000e+01 5.78076000e-03 1.28295000e+02
 8.00000000e+02 0.00000000e+00 1.52400000e-01 3.17000000e+01 2.09405000e-03 1.29117000e+02
 1.60000000e+03 9.90000000e+00 1.52400000e-01 3.96000000e+01 2.33328000e-02 1.18545000e+02
 3.15000000e+03 2.00000000e+00 2.28600000e-01 5.55000000e+01 3.13525000e-03 1.23742000e+02
 1.60000000e+03 2.00000000e+00 2.28600000e-01 5.55000000e+01 3.13525000e-03 1.26752000e+02
 1.60000000e+03 7.30000000e+00 2.28600000e-01 3.96000000e+01 1.23481000e-02 1.21059000e+02
 1.25000000e+03 0.00000000e+00 2.28600000e-01 3.96000000e+01 2.53511000e-03 1.29395000e+02
 1.25000000e+03 1.54000000e+01 5.08000000e-02 3.96000000e+01 2.82593000e-02 1.26743000e+02
 1.00000000e+03 7.30000000e+00 2.28600000e-01 7.13000000e+01 1.04404000e-02 1.26838000e+02
 5.00000000e+03 1.54000000e+01 5.08000000e-02 7.13000000e+01 2.64269000e-02 1.19135000e+02
 5.00000000e+02 6.70000000e+00 1.01600000e-01 3.96000000e+01 5.78076000e-03 1.30955000e+02
 1.60000000e+03 2.70000000e+00 1.52400000e-01 7.13000000e+01 2.43851000e-03 1.30644000e+02
 4.00000000e+02 9.90000000e+00 1.52400000e-01 3.96000000e+01 2.33328000e-02 1.28345000e+02
 1.60000000e+03 1.23000000e+01 1.01600000e-01 3.17000000e+01 4.18756000e-02 1.14477000e+02
 1.25000000e+04 2.70000000e+00 1.52400000e-01 7.13000000e+01 2.43851000e-03 1.13034000e+02
 8.00000000e+03 4.00000000e+00 2.28600000e-01 5.55000000e+01 4.28620000e-03 1.12524000e+02
 5.00000000e+02 2.22000000e+01 2.54000000e-02 3.96000000e+01 2.29028000e-02 1.29776000e+02
 4.00000000e+03 1.50000000e+00 3.04800000e-01 3.96000000e+01 3.92107000e-03 1.17741000e+02
 8.00000000e+02 0.00000000e+00 1.01600000e-01 5.55000000e+01 1.31983000e-03 1.27920000e+02
 4.00000000e+03 1.23000000e+01 1.01600000e-01 3.17000000e+01 4.18756000e-02 1.08407000e+02
 1.25000000e+03 8.40000000e+00 5.08000000e-02 3.96000000e+01 5.66229000e-03 1.31205000e+02
 2.50000000e+03 3.30000000e+00 1.01600000e-01 3.96000000e+01 2.45138000e-03 1.30791000e+02
 1.60000000e+03 9.50000000e+00 2.54000000e-02 5.55000000e+01 4.32840000e-03 1.33062000e+02
 6.30000000e+03 4.80000000e+00 2.54000000e-02 5.55000000e+01 8.73218000e-04 1.35164000e+02
 1.60000000e+03 7.30000000e+00 2.28600000e-01 3.17000000e+01 1.32672000e-02 1.19039000e+02
 5.00000000e+02 4.00000000e+00 2.28600000e-01 3.96000000e+01 4.73801000e-03 1.27039000e+02
 2.50000000e+03 8.40000000e+00 5.08000000e-02 3.96000000e+01 5.66229000e-03 1.27465000e+02
 1.60000000e+03 6.70000000e+00 1.01600000e-01 3.96000000e+01 5.78076000e-03 1.27375000e+02
 1.25000000e+03 6.70000000e+00 1.01600000e-01 7.13000000e+01 4.78288000e-03 1.37658000e+02
 2.50000000e+02 9.90000000e+00 1.52400000e-01 3.96000000e+01 2.33328000e-02 1.28335000e+02
 3.15000000e+03 7.30000000e+00 2.28600000e-01 3.17000000e+01 1.32672000e-02 1.13229000e+02
 4.00000000e+02 3.00000000e+00 3.04800000e-01 5.55000000e+01 4.52492000e-03 1.26159000e+02
 6.30000000e+03 4.80000000e+00 2.54000000e-02 7.13000000e+01 8.48633000e-04 1.34498000e+02
 2.50000000e+03 0.00000000e+00 1.52400000e-01 3.17000000e+01 2.09405000e-03 1.25867000e+02
 2.00000000e+02 1.97000000e+01 5.08000000e-02 7.13000000e+01 3.41183000e-02 1.18005000e+02
 5.00000000e+02 7.20000000e+00 1.52400000e-01 3.96000000e+01 9.09175000e-03 1.32658000e+02
 6.30000000e+03 5.40000000e+00 1.52400000e-01 3.96000000e+01 4.85029000e-03 1.16677000e+02
 2.50000000e+03 0.00000000e+00 5.08000000e-02 3.96000000e+01 7.91822000e-04 1.34938000e+02
 4.00000000e+03 0.00000000e+00 3.04800000e-01 3.96000000e+01 3.10138000e-03 1.19229000e+02
 6.30000000e+02 3.30000000e+00 1.01600000e-01 3.96000000e+01 2.45138000e-03 1.27251000e+02
 8.00000000e+03 0.00000000e+00 1.52400000e-01 3.96000000e+01 1.93287000e-03 1.20553000e+02
 5.00000000e+02 5.40000000e+00 1.52400000e-01 3.17000000e+01 5.25474000e-03 1.29681000e+02
 6.30000000e+02 7.30000000e+00 2.28600000e-01 5.55000000e+01 1.11706000e-02 1.30934000e+02
 8.00000000e+02 1.12000000e+01 5.08000000e-02 7.13000000e+01 1.40720000e-02 1.36031000e+02
 4.00000000e+03 7.20000000e+00 1.52400000e-01 7.13000000e+01 7.52039000e-03 1.19343000e+02
 6.30000000e+03 1.23000000e+01 1.01600000e-01 3.96000000e+01 4.08268000e-02 1.07985000e+02
 3.15000000e+03 2.00000000e+00 2.28600000e-01 3.96000000e+01 3.46574000e-03 1.21627000e+02
 6.30000000e+03 0.00000000e+00 1.01600000e-01 7.13000000e+01 1.21072000e-03 1.29395000e+02
 1.25000000e+04 4.00000000e+00 2.28600000e-01 7.13000000e+01 4.00603000e-03 1.14258000e+02
 1.60000000e+03 0.00000000e+00 1.01600000e-01 3.17000000e+01 1.50092000e-03 1.33553000e+02
 3.15000000e+03 0.00000000e+00 2.28600000e-01 5.55000000e+01 2.29336000e-03 1.25160000e+02
 5.00000000e+02 0.00000000e+00 2.28600000e-01 3.17000000e+01 2.72380000e-03 1.26675000e+02
 8.00000000e+02 4.80000000e+00 2.54000000e-02 3.17000000e+01 9.30789000e-04 1.22648000e+02
 8.00000000e+03 3.30000000e+00 1.01600000e-01 5.55000000e+01 2.21100000e-03 1.20569000e+02
 5.00000000e+03 9.90000000e+00 1.52400000e-01 3.17000000e+01 2.52785000e-02 1.09949000e+02
 4.00000000e+02 8.40000000e+00 5.08000000e-02 5.55000000e+01 5.44854000e-03 1.21582000e+02
 3.15000000e+02 2.22000000e+01 2.54000000e-02 3.96000000e+01 2.29028000e-02 1.20716000e+02
 2.00000000e+03 0.00000000e+00 3.04800000e-01 3.96000000e+01 3.10138000e-03 1.23689000e+02
 8.00000000e+03 5.30000000e+00 2.28600000e-01 7.13000000e+01 5.19420000e-03 1.14900000e+02
 1.25000000e+03 4.80000000e+00 2.54000000e-02 3.96000000e+01 9.07475000e-04 1.25026000e+02
 5.00000000e+02 9.50000000e+00 2.54000000e-02 3.96000000e+01 4.49821000e-03 1.23894000e+02
 1.25000000e+04 0.00000000e+00 2.54000000e-02 3.96000000e+01 4.28464000e-04 1.29116000e+02
 8.00000000e+03 0.00000000e+00 3.04800000e-01 5.55000000e+01 2.83081000e-03 1.16476000e+02
 8.00000000e+03 4.00000000e+00 2.28600000e-01 7.13000000e+01 4.00603000e-03 1.12848000e+02
 6.30000000e+02 0.00000000e+00 1.01600000e-01 7.13000000e+01 1.21072000e-03 1.24155000e+02
 4.00000000e+02 1.12000000e+01 5.08000000e-02 3.96000000e+01 1.50478000e-02 1.30670000e+02
 5.00000000e+03 4.00000000e+00 2.28600000e-01 3.17000000e+01 5.09068000e-03 1.15969000e+02
 1.25000000e+03 0.00000000e+00 5.08000000e-02 7.13000000e+01 7.40478000e-04 1.28560000e+02
 2.50000000e+03 4.20000000e+00 5.08000000e-02 3.96000000e+01 1.52689000e-03 1.33847000e+02
 1.25000000e+03 5.30000000e+00 2.28600000e-01 3.96000000e+01 6.14329000e-03 1.25721000e+02
 5.00000000e+03 9.50000000e+00 2.54000000e-02 3.96000000e+01 4.49821000e-03 1.25044000e+02
 8.00000000e+02 3.30000000e+00 1.01600000e-01 7.13000000e+01 2.02822000e-03 1.31074000e+02
 1.25000000e+03 4.20000000e+00 5.08000000e-02 3.96000000e+01 1.52689000e-03 1.28427000e+02
 3.15000000e+03 8.40000000e+00 5.08000000e-02 5.55000000e+01 5.44854000e-03 1.28402000e+02
 2.50000000e+03 4.80000000e+00 2.54000000e-02 3.17000000e+01 9.30789000e-04 1.32588000e+02
 3.15000000e+03 0.00000000e+00 3.04800000e-01 5.55000000e+01 2.83081000e-03 1.23236000e+02
 1.60000000e+03 4.00000000e+00 3.04800000e-01 3.96000000e+01 5.79636000e-03 1.23213000e+02
 5.00000000e+02 4.00000000e+00 2.28600000e-01 3.17000000e+01 5.09068000e-03 1.28939000e+02
 3.15000000e+02 1.50000000e+00 3.04800000e-01 3.96000000e+01 3.92107000e-03 1.21851000e+02
 8.00000000e+03 0.00000000e+00 1.52400000e-01 3.17000000e+01 2.09405000e-03 1.17957000e+02
 1.00000000e+03 5.30000000e+00 2.28600000e-01 7.13000000e+01 5.19420000e-03 1.34000000e+02
 6.30000000e+02 8.40000000e+00 5.08000000e-02 3.17000000e+01 5.80776000e-03 1.25856000e+02
 2.50000000e+03 7.20000000e+00 1.52400000e-01 3.96000000e+01 9.09175000e-03 1.17478000e+02
 1.00000000e+04 2.70000000e+00 1.52400000e-01 3.96000000e+01 2.94804000e-03 1.12589000e+02
 1.60000000e+03 0.00000000e+00 1.52400000e-01 3.96000000e+01 1.93287000e-03 1.31013000e+02
 1.00000000e+03 1.54000000e+01 5.08000000e-02 7.13000000e+01 2.64269000e-02 1.31865000e+02
 1.00000000e+03 1.56000000e+01 1.01600000e-01 7.13000000e+01 4.37259000e-02 1.24438000e+02
 6.30000000e+02 1.27000000e+01 2.54000000e-02 7.13000000e+01 1.21808000e-02 1.28878000e+02
 1.00000000e+03 0.00000000e+00 1.01600000e-01 7.13000000e+01 1.21072000e-03 1.28825000e+02
 8.00000000e+02 0.00000000e+00 5.08000000e-02 3.96000000e+01 7.91822000e-04 1.26508000e+02
 4.00000000e+03 8.90000000e+00 1.01600000e-01 7.13000000e+01 1.03088000e-02 1.20243000e+02
 5.00000000e+03 9.50000000e+00 2.54000000e-02 7.13000000e+01 4.20654000e-03 1.31186000e+02
 2.00000000e+02 8.90000000e+00 1.01600000e-01 3.96000000e+01 1.24596000e-02 1.33420000e+02
 1.60000000e+03 1.27000000e+01 2.54000000e-02 3.96000000e+01 1.30253000e-02 1.29977000e+02
 3.15000000e+03 0.00000000e+00 2.28600000e-01 7.13000000e+01 2.14345000e-03 1.27834000e+02
 8.00000000e+03 0.00000000e+00 1.52400000e-01 7.13000000e+01 1.59880000e-03 1.22527000e+02
 8.00000000e+03 1.50000000e+00 3.04800000e-01 3.96000000e+01 3.92107000e-03 1.12251000e+02
 2.50000000e+03 4.00000000e+00 2.28600000e-01 3.96000000e+01 4.73801000e-03 1.19649000e+02
 2.50000000e+03 1.23000000e+01 1.01600000e-01 3.96000000e+01 4.08268000e-02 1.13315000e+02
 1.00000000e+03 9.50000000e+00 2.54000000e-02 7.13000000e+01 4.20654000e-03 1.29556000e+02
 3.15000000e+03 6.70000000e+00 1.01600000e-01 7.13000000e+01 4.78288000e-03 1.24458000e+02
 1.00000000e+03 0.00000000e+00 2.54000000e-02 3.17000000e+01 4.39472000e-04 1.25127000e+02
 1.60000000e+03 1.26000000e+01 1.52400000e-01 3.96000000e+01 5.84113000e-02 1.10780000e+02
 1.60000000e+03 1.74000000e+01 2.54000000e-02 3.96000000e+01 1.72206000e-02 1.27614000e+02
 2.00000000e+03 1.26000000e+01 1.52400000e-01 7.13000000e+01 4.83159000e-02 1.17504000e+02
 8.00000000e+03 4.20000000e+00 5.08000000e-02 7.13000000e+01 1.42788000e-03 1.25268000e+02
 6.30000000e+02 1.27000000e+01 2.54000000e-02 3.96000000e+01 1.30253000e-02 1.28867000e+02
 1.60000000e+03 0.00000000e+00 2.28600000e-01 3.96000000e+01 2.53511000e-03 1.27095000e+02
 3.15000000e+02 0.00000000e+00 2.28600000e-01 3.96000000e+01 2.53511000e-03 1.21055000e+02
 1.00000000e+04 0.00000000e+00 5.08000000e-02 3.96000000e+01 7.91822000e-04 1.25998000e+02
 1.00000000e+04 3.30000000e+00 1.01600000e-01 7.13000000e+01 2.02822000e-03 1.16694000e+02
 1.60000000e+03 1.74000000e+01 2.54000000e-02 5.55000000e+01 1.65706000e-02 1.26471000e+02
 4.00000000e+03 3.30000000e+00 1.01600000e-01 3.96000000e+01 2.45138000e-03 1.24881000e+02
 2.00000000e+02 1.12000000e+01 5.08000000e-02 3.96000000e+01 1.50478000e-02 1.25010000e+02
 1.00000000e+03 9.50000000e+00 2.54000000e-02 3.17000000e+01 4.61377000e-03 1.31346000e+02
 5.00000000e+02 4.80000000e+00 2.54000000e-02 3.17000000e+01 9.30789000e-04 1.16128000e+02
 2.50000000e+03 5.40000000e+00 1.52400000e-01 5.55000000e+01 4.33288000e-03 1.24077000e+02
 1.60000000e+03 8.90000000e+00 1.01600000e-01 7.13000000e+01 1.03088000e-02 1.28763000e+02
 1.00000000e+03 1.56000000e+01 1.01600000e-01 3.96000000e+01 5.28487000e-02 1.19224000e+02
 6.30000000e+02 4.00000000e+00 2.28600000e-01 5.55000000e+01 4.28620000e-03 1.29964000e+02
 8.00000000e+02 5.30000000e+00 2.28600000e-01 3.96000000e+01 6.14329000e-03 1.29491000e+02
 6.30000000e+03 0.00000000e+00 1.52400000e-01 3.96000000e+01 1.93287000e-03 1.21313000e+02
 1.00000000e+04 2.70000000e+00 1.52400000e-01 7.13000000e+01 2.43851000e-03 1.16724000e+02
 3.15000000e+02 1.23000000e+01 1.01600000e-01 3.17000000e+01 4.18756000e-02 1.24717000e+02
 1.25000000e+03 1.12000000e+01 5.08000000e-02 7.13000000e+01 1.40720000e-02 1.36191000e+02
 2.50000000e+03 1.12000000e+01 5.08000000e-02 7.13000000e+01 1.40720000e-02 1.30541000e+02
 6.30000000e+03 2.22000000e+01 2.54000000e-02 7.13000000e+01 2.14178000e-02 1.23127000e+02
 6.30000000e+02 4.00000000e+00 2.28600000e-01 3.17000000e+01 5.09068000e-03 1.30349000e+02
 1.25000000e+03 5.40000000e+00 1.52400000e-01 3.96000000e+01 4.85029000e-03 1.27117000e+02
 2.50000000e+03 2.70000000e+00 1.52400000e-01 3.96000000e+01 2.94804000e-03 1.25589000e+02
 1.60000000e+03 0.00000000e+00 1.52400000e-01 5.55000000e+01 1.72668000e-03 1.30183000e+02
 6.30000000e+02 5.30000000e+00 2.28600000e-01 7.13000000e+01 5.19420000e-03 1.31800000e+02
 1.00000000e+03 1.74000000e+01 2.54000000e-02 5.55000000e+01 1.65706000e-02 1.26001000e+02
 1.25000000e+03 0.00000000e+00 2.28600000e-01 7.13000000e+01 2.14345000e-03 1.28144000e+02
 3.15000000e+02 2.00000000e+00 2.28600000e-01 3.96000000e+01 3.46574000e-03 1.20137000e+02
 3.15000000e+03 4.00000000e+00 2.28600000e-01 3.96000000e+01 4.73801000e-03 1.20419000e+02
 3.15000000e+03 0.00000000e+00 1.01600000e-01 5.55000000e+01 1.31983000e-03 1.31780000e+02
 1.25000000e+03 9.90000000e+00 1.52400000e-01 5.55000000e+01 2.08438000e-02 1.21635000e+02
 5.00000000e+03 0.00000000e+00 1.01600000e-01 7.13000000e+01 1.21072000e-03 1.30795000e+02
 2.00000000e+02 1.23000000e+01 1.01600000e-01 3.96000000e+01 4.08268000e-02 1.28545000e+02
 1.00000000e+04 3.30000000e+00 1.01600000e-01 3.96000000e+01 2.45138000e-03 1.15321000e+02
 6.30000000e+02 1.74000000e+01 2.54000000e-02 3.17000000e+01 1.76631000e-02 1.36886000e+02
 5.00000000e+02 5.40000000e+00 1.52400000e-01 3.96000000e+01 4.85029000e-03 1.29937000e+02
 1.25000000e+03 1.23000000e+01 1.01600000e-01 3.96000000e+01 4.08268000e-02 1.21165000e+02
 5.00000000e+03 4.80000000e+00 2.54000000e-02 3.96000000e+01 9.07475000e-04 1.35426000e+02
 1.00000000e+03 3.00000000e+00 3.04800000e-01 3.17000000e+01 5.29514000e-03 1.26838000e+02
 1.25000000e+03 0.00000000e+00 3.04800000e-01 5.55000000e+01 2.83081000e-03 1.26086000e+02
 5.00000000e+02 1.23000000e+01 1.01600000e-01 5.55000000e+01 3.68233000e-02 1.33774000e+02
 1.00000000e+03 6.70000000e+00 1.01600000e-01 3.96000000e+01 5.78076000e-03 1.34515000e+02
 6.30000000e+03 0.00000000e+00 5.08000000e-02 3.96000000e+01 7.91822000e-04 1.31918000e+02
 1.60000000e+03 8.40000000e+00 5.08000000e-02 3.17000000e+01 5.80776000e-03 1.29296000e+02
 1.60000000e+03 1.50000000e+00 3.04800000e-01 7.13000000e+01 3.36729000e-03 1.26632000e+02
 5.00000000e+03 3.30000000e+00 1.01600000e-01 7.13000000e+01 2.02822000e-03 1.27054000e+02
 4.00000000e+03 1.74000000e+01 2.54000000e-02 7.13000000e+01 1.61040000e-02 1.25586000e+02
 1.00000000e+03 0.00000000e+00 3.04800000e-01 3.17000000e+01 3.31266000e-03 1.27365000e+02
 8.00000000e+02 1.50000000e+00 3.04800000e-01 3.96000000e+01 3.92107000e-03 1.28831000e+02
 1.00000000e+03 7.30000000e+00 2.28600000e-01 3.96000000e+01 1.23481000e-02 1.22539000e+02
 8.00000000e+03 0.00000000e+00 1.01600000e-01 5.55000000e+01 1.31983000e-03 1.24450000e+02
 2.00000000e+02 1.23000000e+01 1.01600000e-01 3.17000000e+01 4.18756000e-02 1.24987000e+02
 2.50000000e+03 9.50000000e+00 2.54000000e-02 3.17000000e+01 4.61377000e-03 1.30086000e+02
 8.00000000e+02 9.50000000e+00 2.54000000e-02 3.17000000e+01 4.61377000e-03 1.30746000e+02
 1.60000000e+03 0.00000000e+00 2.28600000e-01 7.13000000e+01 2.14345000e-03 1.29134000e+02
 6.30000000e+03 0.00000000e+00 5.08000000e-02 5.55000000e+01 7.61930000e-04 1.32796000e+02
 1.25000000e+03 0.00000000e+00 2.28600000e-01 5.55000000e+01 2.29336000e-03 1.27910000e+02
 1.00000000e+03 2.00000000e+00 2.28600000e-01 3.96000000e+01 3.46574000e-03 1.29147000e+02
 8.00000000e+03 0.00000000e+00 2.28600000e-01 7.13000000e+01 2.14345000e-03 1.18024000e+02
 2.50000000e+03 7.30000000e+00 2.28600000e-01 7.13000000e+01 1.04404000e-02 1.22088000e+02
 2.00000000e+02 1.56000000e+01 1.01600000e-01 7.13000000e+01 4.37259000e-02 1.30898000e+02
 1.25000000e+03 6.70000000e+00 1.01600000e-01 3.17000000e+01 5.92927000e-03 1.29256000e+02
 1.00000000e+03 9.90000000e+00 1.52400000e-01 3.17000000e+01 2.52785000e-02 1.22149000e+02
 3.15000000e+02 4.00000000e+00 2.28600000e-01 3.17000000e+01 5.09068000e-03 1.23609000e+02
 1.25000000e+03 1.50000000e+00 3.04800000e-01 7.13000000e+01 3.36729000e-03 1.25872000e+02
 4.00000000e+03 0.00000000e+00 1.01600000e-01 7.13000000e+01 1.21072000e-03 1.30935000e+02
 3.15000000e+02 1.97000000e+01 5.08000000e-02 7.13000000e+01 3.41183000e-02 1.21235000e+02
 5.00000000e+03 0.00000000e+00 5.08000000e-02 3.96000000e+01 7.91822000e-04 1.34308000e+02
 4.00000000e+03 3.30000000e+00 1.01600000e-01 5.55000000e+01 2.21100000e-03 1.27229000e+02
 1.00000000e+03 7.30000000e+00 2.28600000e-01 3.17000000e+01 1.32672000e-02 1.19099000e+02
 1.25000000e+04 0.00000000e+00 3.04800000e-01 3.96000000e+01 3.10138000e-03 1.09619000e+02
 6.30000000e+03 3.00000000e+00 3.04800000e-01 7.13000000e+01 4.25727000e-03 1.16134000e+02
 4.00000000e+02 1.54000000e+01 5.08000000e-02 7.13000000e+01 2.64269000e-02 1.26805000e+02
 5.00000000e+02 1.74000000e+01 2.54000000e-02 3.96000000e+01 1.72206000e-02 1.17514000e+02
 5.00000000e+03 2.22000000e+01 2.54000000e-02 7.13000000e+01 2.14178000e-02 1.25727000e+02
 2.50000000e+02 1.27000000e+01 2.54000000e-02 7.13000000e+01 1.21808000e-02 1.19698000e+02
 5.00000000e+03 8.40000000e+00 5.08000000e-02 7.13000000e+01 5.29514000e-03 1.21146000e+02
 1.00000000e+04 0.00000000e+00 2.54000000e-02 3.17000000e+01 4.39472000e-04 1.34227000e+02
 8.00000000e+02 0.00000000e+00 3.04800000e-01 3.17000000e+01 3.31266000e-03 1.29235000e+02
 1.60000000e+04 0.00000000e+00 1.52400000e-01 5.55000000e+01 1.72668000e-03 1.12803000e+02
 8.00000000e+03 0.00000000e+00 3.04800000e-01 7.13000000e+01 2.66337000e-03 1.17151000e+02
 1.60000000e+03 5.40000000e+00 1.52400000e-01 3.17000000e+01 5.25474000e-03 1.23761000e+02
 6.30000000e+03 4.00000000e+00 2.28600000e-01 5.55000000e+01 4.28620000e-03 1.17154000e+02
 2.50000000e+03 0.00000000e+00 2.54000000e-02 7.13000000e+01 4.00682000e-04 1.33707000e+02
 5.00000000e+02 1.23000000e+01 1.01600000e-01 3.17000000e+01 4.18756000e-02 1.18667000e+02
 4.00000000e+03 5.40000000e+00 1.52400000e-01 5.55000000e+01 4.33288000e-03 1.19737000e+02
 3.15000000e+02 5.40000000e+00 1.52400000e-01 3.96000000e+01 4.85029000e-03 1.25347000e+02
 2.00000000e+03 9.50000000e+00 2.54000000e-02 3.96000000e+01 4.49821000e-03 1.31274000e+02
 3.15000000e+03 0.00000000e+00 2.54000000e-02 3.96000000e+01 4.28464000e-04 1.33276000e+02
 6.30000000e+02 4.00000000e+00 3.04800000e-01 3.96000000e+01 5.79636000e-03 1.31073000e+02
 2.50000000e+03 9.90000000e+00 1.52400000e-01 7.13000000e+01 1.93001000e-02 1.19639000e+02
 2.50000000e+03 0.00000000e+00 3.04800000e-01 5.55000000e+01 2.83081000e-03 1.24106000e+02
 3.15000000e+02 9.90000000e+00 1.52400000e-01 5.55000000e+01 2.08438000e-02 1.32355000e+02
 2.50000000e+03 9.90000000e+00 1.52400000e-01 3.96000000e+01 2.33328000e-02 1.16295000e+02
 4.00000000e+02 4.00000000e+00 3.04800000e-01 3.96000000e+01 5.79636000e-03 1.28633000e+02
 5.00000000e+03 1.74000000e+01 2.54000000e-02 7.13000000e+01 1.61040000e-02 1.23126000e+02
 4.00000000e+03 9.50000000e+00 2.54000000e-02 7.13000000e+01 4.20654000e-03 1.34236000e+02
 2.50000000e+03 1.54000000e+01 5.08000000e-02 5.55000000e+01 2.71925000e-02 1.25630000e+02
 1.60000000e+04 4.80000000e+00 2.54000000e-02 5.55000000e+01 8.73218000e-04 1.24394000e+02
 1.25000000e+03 3.30000000e+00 1.01600000e-01 3.96000000e+01 2.45138000e-03 1.33211000e+02
 1.25000000e+03 2.00000000e+00 2.28600000e-01 3.17000000e+01 3.72371000e-03 1.28677000e+02
 1.60000000e+03 5.40000000e+00 1.52400000e-01 3.96000000e+01 4.85029000e-03 1.26267000e+02
 2.50000000e+03 1.54000000e+01 5.08000000e-02 3.96000000e+01 2.82593000e-02 1.22413000e+02
 6.30000000e+02 1.74000000e+01 2.54000000e-02 5.55000000e+01 1.65706000e-02 1.22411000e+02
 5.00000000e+02 1.26000000e+01 1.52400000e-01 7.13000000e+01 4.83159000e-02 1.21664000e+02
 3.15000000e+02 9.90000000e+00 1.52400000e-01 7.13000000e+01 1.93001000e-02 1.35459000e+02
 1.00000000e+04 0.00000000e+00 1.01600000e-01 3.96000000e+01 1.46332000e-03 1.19561000e+02
 3.15000000e+02 1.12000000e+01 5.08000000e-02 3.96000000e+01 1.50478000e-02 1.28990000e+02
 2.00000000e+03 0.00000000e+00 2.28600000e-01 5.55000000e+01 2.29336000e-03 1.26540000e+02
 1.25000000e+04 4.00000000e+00 3.04800000e-01 7.13000000e+01 4.97773000e-03 1.07405000e+02
 8.00000000e+02 5.30000000e+00 2.28600000e-01 7.13000000e+01 5.19420000e-03 1.33480000e+02
 2.00000000e+03 7.30000000e+00 2.28600000e-01 7.13000000e+01 1.04404000e-02 1.22708000e+02
 2.50000000e+02 7.30000000e+00 2.28600000e-01 3.96000000e+01 1.23481000e-02 1.31889000e+02
 3.15000000e+03 1.74000000e+01 2.54000000e-02 5.55000000e+01 1.65706000e-02 1.24101000e+02
 2.50000000e+02 1.12000000e+01 5.08000000e-02 7.13000000e+01 1.40720000e-02 1.27101000e+02
 4.00000000e+02 5.40000000e+00 1.52400000e-01 3.17000000e+01 5.25474000e-03 1.27781000e+02
 5.00000000e+03 0.00000000e+00 3.04800000e-01 5.55000000e+01 2.83081000e-03 1.19606000e+02
 1.00000000e+04 0.00000000e+00 2.28600000e-01 7.13000000e+01 2.14345000e-03 1.18134000e+02
 6.30000000e+03 2.70000000e+00 1.52400000e-01 7.13000000e+01 2.43851000e-03 1.21944000e+02
 6.30000000e+02 3.00000000e+00 3.04800000e-01 5.55000000e+01 4.52492000e-03 1.29569000e+02
 5.00000000e+02 0.00000000e+00 2.28600000e-01 3.96000000e+01 2.53511000e-03 1.26195000e+02
 2.00000000e+03 3.30000000e+00 1.01600000e-01 7.13000000e+01 2.02822000e-03 1.34034000e+02
 3.15000000e+02 7.30000000e+00 2.28600000e-01 3.17000000e+01 1.32672000e-02 1.30239000e+02
 3.15000000e+03 5.40000000e+00 1.52400000e-01 3.96000000e+01 4.85029000e-03 1.19137000e+02
 1.00000000e+03 8.90000000e+00 1.01600000e-01 7.13000000e+01 1.03088000e-02 1.35433000e+02
 2.50000000e+02 1.56000000e+01 1.01600000e-01 3.96000000e+01 5.28487000e-02 1.24644000e+02
 3.15000000e+03 2.00000000e+00 2.28600000e-01 3.17000000e+01 3.72371000e-03 1.21527000e+02
 3.15000000e+02 1.74000000e+01 2.54000000e-02 3.96000000e+01 1.72206000e-02 1.15144000e+02
 2.00000000e+03 9.50000000e+00 2.54000000e-02 7.13000000e+01 4.20654000e-03 1.34976000e+02
 6.30000000e+03 0.00000000e+00 2.28600000e-01 5.55000000e+01 2.29336000e-03 1.18410000e+02
 6.30000000e+02 1.74000000e+01 2.54000000e-02 7.13000000e+01 1.61040000e-02 1.22606000e+02
 6.30000000e+03 4.00000000e+00 3.04800000e-01 7.13000000e+01 4.97773000e-03 1.16165000e+02
 4.00000000e+03 8.90000000e+00 1.01600000e-01 3.96000000e+01 1.24596000e-02 1.16220000e+02
 6.30000000e+03 0.00000000e+00 2.54000000e-02 3.96000000e+01 4.28464000e-04 1.36826000e+02
 6.30000000e+02 2.00000000e+00 2.28600000e-01 5.55000000e+01 3.13525000e-03 1.26842000e+02
 1.25000000e+03 9.50000000e+00 2.54000000e-02 3.96000000e+01 4.49821000e-03 1.30964000e+02
 8.00000000e+02 0.00000000e+00 2.28600000e-01 3.96000000e+01 2.53511000e-03 1.30205000e+02
 1.25000000e+03 1.74000000e+01 2.54000000e-02 7.13000000e+01 1.61040000e-02 1.26356000e+02
 1.25000000e+03 4.00000000e+00 3.04800000e-01 7.13000000e+01 4.97773000e-03 1.29395000e+02
 2.50000000e+03 0.00000000e+00 2.54000000e-02 3.17000000e+01 4.39472000e-04 1.32897000e+02
 5.00000000e+03 1.50000000e+00 3.04800000e-01 7.13000000e+01 3.36729000e-03 1.19632000e+02
 6.30000000e+02 2.22000000e+01 2.54000000e-02 7.13000000e+01 2.14178000e-02 1.20657000e+02
 2.50000000e+02 5.30000000e+00 2.28600000e-01 3.96000000e+01 6.14329000e-03 1.27011000e+02
 3.15000000e+02 0.00000000e+00 3.04800000e-01 3.17000000e+01 3.31266000e-03 1.22765000e+02
 8.00000000e+02 1.54000000e+01 5.08000000e-02 3.96000000e+01 2.82593000e-02 1.28423000e+02
 2.00000000e+03 0.00000000e+00 1.52400000e-01 3.17000000e+01 2.09405000e-03 1.28907000e+02
 1.00000000e+03 4.80000000e+00 2.54000000e-02 3.17000000e+01 9.30789000e-04 1.25348000e+02
 2.50000000e+03 1.74000000e+01 2.54000000e-02 3.96000000e+01 1.72206000e-02 1.24154000e+02
 8.00000000e+02 1.74000000e+01 2.54000000e-02 3.96000000e+01 1.72206000e-02 1.35324000e+02
 4.00000000e+03 1.27000000e+01 2.54000000e-02 7.13000000e+01 1.21808000e-02 1.31808000e+02
 1.00000000e+03 4.80000000e+00 2.54000000e-02 3.96000000e+01 9.07475000e-04 1.22956000e+02
 1.25000000e+03 1.97000000e+01 5.08000000e-02 7.13000000e+01 3.41183000e-02 1.21485000e+02
 1.60000000e+03 2.00000000e+00 2.28600000e-01 7.13000000e+01 2.93031000e-03 1.27796000e+02
 3.15000000e+03 1.74000000e+01 2.54000000e-02 3.17000000e+01 1.76631000e-02 1.23466000e+02
 4.00000000e+03 0.00000000e+00 2.54000000e-02 5.55000000e+01 4.12290000e-04 1.33223000e+02
 1.60000000e+03 6.70000000e+00 1.01600000e-01 7.13000000e+01 4.78288000e-03 1.36678000e+02
 6.30000000e+02 1.12000000e+01 5.08000000e-02 7.13000000e+01 1.40720000e-02 1.33611000e+02
 3.15000000e+03 0.00000000e+00 1.52400000e-01 7.13000000e+01 1.59880000e-03 1.29377000e+02
 4.00000000e+03 3.30000000e+00 1.01600000e-01 7.13000000e+01 2.02822000e-03 1.28704000e+02
 4.00000000e+03 1.26000000e+01 1.52400000e-01 3.96000000e+01 5.84113000e-02 1.04500000e+02
 4.00000000e+02 9.50000000e+00 2.54000000e-02 3.96000000e+01 4.49821000e-03 1.21154000e+02
 2.00000000e+03 0.00000000e+00 1.01600000e-01 3.96000000e+01 1.46332000e-03 1.33251000e+02
 3.15000000e+03 4.20000000e+00 5.08000000e-02 7.13000000e+01 1.42788000e-03 1.33728000e+02
 3.15000000e+02 1.56000000e+01 1.01600000e-01 3.96000000e+01 5.28487000e-02 1.22754000e+02
 5.00000000e+03 1.26000000e+01 1.52400000e-01 7.13000000e+01 4.83159000e-02 1.08034000e+02
 4.00000000e+03 3.00000000e+00 3.04800000e-01 3.17000000e+01 5.29514000e-03 1.15608000e+02
 3.15000000e+02 1.74000000e+01 2.54000000e-02 5.55000000e+01 1.65706000e-02 1.11911000e+02
 2.50000000e+02 2.22000000e+01 2.54000000e-02 3.96000000e+01 2.29028000e-02 1.17386000e+02
 8.00000000e+02 1.23000000e+01 1.01600000e-01 7.13000000e+01 3.37792000e-02 1.27318000e+02
 2.50000000e+03 5.30000000e+00 2.28600000e-01 7.13000000e+01 5.19420000e-03 1.23740000e+02
 5.00000000e+03 1.27000000e+01 2.54000000e-02 7.13000000e+01 1.21808000e-02 1.28978000e+02
 6.30000000e+03 0.00000000e+00 5.08000000e-02 7.13000000e+01 7.40478000e-04 1.33040000e+02
 2.00000000e+03 1.27000000e+01 2.54000000e-02 3.96000000e+01 1.30253000e-02 1.29567000e+02
 5.00000000e+02 7.20000000e+00 1.52400000e-01 7.13000000e+01 7.52039000e-03 1.32043000e+02
 2.50000000e+03 0.00000000e+00 1.52400000e-01 3.96000000e+01 1.93287000e-03 1.26863000e+02
 1.60000000e+03 0.00000000e+00 1.01600000e-01 3.96000000e+01 1.46332000e-03 1.33261000e+02
 6.30000000e+02 1.97000000e+01 5.08000000e-02 7.13000000e+01 3.41183000e-02 1.28365000e+02
 4.00000000e+02 1.74000000e+01 2.54000000e-02 7.13000000e+01 1.61040000e-02 1.17396000e+02
 1.25000000e+03 0.00000000e+00 3.04800000e-01 7.13000000e+01 2.66337000e-03 1.25951000e+02
 3.15000000e+03 9.50000000e+00 2.54000000e-02 7.13000000e+01 4.20654000e-03 1.36166000e+02
 2.50000000e+03 3.30000000e+00 1.01600000e-01 7.13000000e+01 2.02822000e-03 1.33894000e+02
 5.00000000e+02 3.00000000e+00 3.04800000e-01 3.96000000e+01 4.95741000e-03 1.27632000e+02
 2.50000000e+03 0.00000000e+00 1.52400000e-01 5.55000000e+01 1.72668000e-03 1.27763000e+02
 1.60000000e+04 1.50000000e+00 3.04800000e-01 7.13000000e+01 3.36729000e-03 1.06582000e+02
 2.50000000e+02 1.23000000e+01 1.01600000e-01 7.13000000e+01 3.37792000e-02 1.31568000e+02
 8.00000000e+02 2.00000000e+00 2.28600000e-01 3.17000000e+01 3.72371000e-03 1.30307000e+02
 5.00000000e+03 4.80000000e+00 2.54000000e-02 3.17000000e+01 9.30789000e-04 1.35248000e+02
 1.00000000e+04 3.30000000e+00 1.01600000e-01 5.55000000e+01 2.21100000e-03 1.15659000e+02
 1.00000000e+04 0.00000000e+00 3.04800000e-01 5.55000000e+01 2.83081000e-03 1.13076000e+02
 8.00000000e+02 4.00000000e+00 2.28600000e-01 5.55000000e+01 4.28620000e-03 1.31864000e+02
 2.00000000e+03 4.00000000e+00 2.28600000e-01 3.96000000e+01 4.73801000e-03 1.21659000e+02
 3.15000000e+02 3.00000000e+00 3.04800000e-01 3.17000000e+01 5.29514000e-03 1.23118000e+02
 5.00000000e+03 0.00000000e+00 1.01600000e-01 5.55000000e+01 1.31983000e-03 1.28360000e+02
 2.00000000e+03 1.23000000e+01 1.01600000e-01 3.96000000e+01 4.08268000e-02 1.14085000e+02
 5.00000000e+03 2.00000000e+00 2.28600000e-01 7.13000000e+01 2.93031000e-03 1.22816000e+02
 3.15000000e+03 7.30000000e+00 2.28600000e-01 5.55000000e+01 1.11706000e-02 1.17134000e+02
 1.25000000e+03 1.27000000e+01 2.54000000e-02 3.96000000e+01 1.30253000e-02 1.30777000e+02
 4.00000000e+02 1.54000000e+01 5.08000000e-02 3.17000000e+01 2.89853000e-02 1.23705000e+02
 1.25000000e+04 0.00000000e+00 1.01600000e-01 5.55000000e+01 1.31983000e-03 1.19910000e+02
 5.00000000e+03 4.00000000e+00 2.28600000e-01 5.55000000e+01 4.28620000e-03 1.20034000e+02
 6.30000000e+02 2.00000000e+00 2.28600000e-01 7.13000000e+01 2.93031000e-03 1.27356000e+02
 4.00000000e+02 0.00000000e+00 2.28600000e-01 5.55000000e+01 2.29336000e-03 1.21660000e+02
 2.00000000e+02 1.26000000e+01 1.52400000e-01 7.13000000e+01 4.83159000e-02 1.28354000e+02
 1.00000000e+03 1.54000000e+01 5.08000000e-02 5.55000000e+01 2.71925000e-02 1.30400000e+02
 8.00000000e+02 6.70000000e+00 1.01600000e-01 3.17000000e+01 5.92927000e-03 1.32886000e+02
 3.15000000e+03 4.80000000e+00 2.54000000e-02 3.17000000e+01 9.30789000e-04 1.34268000e+02
 3.15000000e+02 0.00000000e+00 3.04800000e-01 3.96000000e+01 3.10138000e-03 1.22779000e+02
 3.15000000e+03 1.97000000e+01 5.08000000e-02 3.96000000e+01 3.64840000e-02 1.13004000e+02
 2.00000000e+03 1.74000000e+01 2.54000000e-02 3.17000000e+01 1.76631000e-02 1.24356000e+02
 4.00000000e+02 2.22000000e+01 2.54000000e-02 3.96000000e+01 2.29028000e-02 1.23416000e+02
 6.30000000e+02 6.70000000e+00 1.01600000e-01 3.17000000e+01 5.92927000e-03 1.32116000e+02
 1.00000000e+04 0.00000000e+00 2.54000000e-02 5.55000000e+01 4.12290000e-04 1.34563000e+02
 3.15000000e+03 7.30000000e+00 2.28600000e-01 7.13000000e+01 1.04404000e-02 1.20458000e+02
 6.30000000e+02 1.12000000e+01 5.08000000e-02 3.96000000e+01 1.50478000e-02 1.33130000e+02
 3.15000000e+03 9.90000000e+00 1.52400000e-01 3.17000000e+01 2.52785000e-02 1.12209000e+02
 1.25000000e+04 4.80000000e+00 2.54000000e-02 5.55000000e+01 8.73218000e-04 1.25094000e+02
 1.00000000e+03 1.23000000e+01 1.01600000e-01 3.96000000e+01 4.08268000e-02 1.22435000e+02
 5.00000000e+02 0.00000000e+00 1.52400000e-01 3.17000000e+01 2.09405000e-03 1.21617000e+02
 5.00000000e+03 5.40000000e+00 1.52400000e-01 3.96000000e+01 4.85029000e-03 1.17037000e+02
 2.50000000e+03 0.00000000e+00 2.28600000e-01 7.13000000e+01 2.14345000e-03 1.28354000e+02
 4.00000000e+03 4.80000000e+00 2.54000000e-02 3.96000000e+01 9.07475000e-04 1.34996000e+02
 5.00000000e+03 0.00000000e+00 5.08000000e-02 3.17000000e+01 8.12164000e-04 1.33230000e+02
 1.00000000e+03 8.40000000e+00 5.08000000e-02 3.96000000e+01 5.66229000e-03 1.30195000e+02
 1.25000000e+03 1.12000000e+01 5.08000000e-02 3.96000000e+01 1.50478000e-02 1.30050000e+02
 6.30000000e+03 3.30000000e+00 1.01600000e-01 7.13000000e+01 2.02822000e-03 1.24904000e+02
 4.00000000e+03 0.00000000e+00 3.04800000e-01 3.17000000e+01 3.31266000e-03 1.18145000e+02
 4.00000000e+03 0.00000000e+00 1.52400000e-01 3.96000000e+01 1.93287000e-03 1.25343000e+02
 5.00000000e+03 0.00000000e+00 3.04800000e-01 7.13000000e+01 2.66337000e-03 1.21301000e+02
 6.30000000e+03 9.90000000e+00 1.52400000e-01 3.17000000e+01 2.52785000e-02 1.08689000e+02
 2.00000000e+03 3.00000000e+00 3.04800000e-01 5.55000000e+01 4.52492000e-03 1.23069000e+02
 2.50000000e+03 8.40000000e+00 5.08000000e-02 3.17000000e+01 5.80776000e-03 1.25576000e+02
 8.00000000e+03 2.00000000e+00 2.28600000e-01 7.13000000e+01 2.93031000e-03 1.15996000e+02
 6.30000000e+03 8.90000000e+00 1.01600000e-01 3.96000000e+01 1.24596000e-02 1.13110000e+02
 1.25000000e+04 4.80000000e+00 2.54000000e-02 7.13000000e+01 8.48633000e-04 1.27688000e+02
 8.00000000e+03 1.27000000e+01 2.54000000e-02 7.13000000e+01 1.21808000e-02 1.20538000e+02
 1.00000000e+03 7.30000000e+00 2.28600000e-01 5.55000000e+01 1.11706000e-02 1.25194000e+02
 5.00000000e+03 2.70000000e+00 1.52400000e-01 3.96000000e+01 2.94804000e-03 1.21499000e+02
 1.60000000e+03 0.00000000e+00 1.01600000e-01 7.13000000e+01 1.21072000e-03 1.31725000e+02
 2.00000000e+03 0.00000000e+00 5.08000000e-02 3.96000000e+01 7.91822000e-04 1.32918000e+02
 6.30000000e+03 0.00000000e+00 3.04800000e-01 3.96000000e+01 3.10138000e-03 1.16229000e+02
 4.00000000e+03 9.50000000e+00 2.54000000e-02 5.55000000e+01 4.32840000e-03 1.31582000e+02
 8.00000000e+02 2.00000000e+00 2.28600000e-01 3.96000000e+01 3.46574000e-03 1.29037000e+02
 5.00000000e+03 0.00000000e+00 1.52400000e-01 3.17000000e+01 2.09405000e-03 1.22397000e+02
 4.00000000e+02 9.50000000e+00 2.54000000e-02 5.55000000e+01 4.32840000e-03 1.20952000e+02
 1.25000000e+03 0.00000000e+00 1.01600000e-01 7.13000000e+01 1.21072000e-03 1.30335000e+02
 4.00000000e+02 2.00000000e+00 2.28600000e-01 3.17000000e+01 3.72371000e-03 1.23417000e+02
 2.50000000e+03 6.70000000e+00 1.01600000e-01 7.13000000e+01 4.78288000e-03 1.31458000e+02
 6.30000000e+03 1.26000000e+01 1.52400000e-01 7.13000000e+01 4.83159000e-02 1.07284000e+02
 8.00000000e+02 0.00000000e+00 1.01600000e-01 3.96000000e+01 1.46332000e-03 1.28401000e+02
 1.60000000e+03 1.74000000e+01 2.54000000e-02 3.17000000e+01 1.76631000e-02 1.26846000e+02
 6.30000000e+02 1.23000000e+01 1.01600000e-01 3.96000000e+01 4.08268000e-02 1.21315000e+02
 2.00000000e+02 9.50000000e+00 2.54000000e-02 3.96000000e+01 4.49821000e-03 1.16074000e+02
 3.15000000e+03 5.40000000e+00 1.52400000e-01 3.17000000e+01 5.25474000e-03 1.18291000e+02
 4.00000000e+02 7.30000000e+00 2.28600000e-01 5.55000000e+01 1.11706000e-02 1.35924000e+02
 2.00000000e+03 1.27000000e+01 2.54000000e-02 7.13000000e+01 1.21808000e-02 1.34228000e+02
 1.60000000e+03 0.00000000e+00 3.04800000e-01 7.13000000e+01 2.66337000e-03 1.27591000e+02
 1.60000000e+03 0.00000000e+00 5.08000000e-02 3.17000000e+01 8.12164000e-04 1.31010000e+02
 2.00000000e+03 0.00000000e+00 5.08000000e-02 7.13000000e+01 7.40478000e-04 1.31060000e+02
 4.00000000e+03 3.30000000e+00 1.01600000e-01 3.17000000e+01 2.51435000e-03 1.24852000e+02
 5.00000000e+02 7.30000000e+00 2.28600000e-01 5.55000000e+01 1.11706000e-02 1.33174000e+02
 2.50000000e+03 4.20000000e+00 5.08000000e-02 7.13000000e+01 1.42788000e-03 1.31978000e+02
 2.50000000e+03 0.00000000e+00 1.01600000e-01 3.17000000e+01 1.50092000e-03 1.32003000e+02
 1.60000000e+03 1.54000000e+01 5.08000000e-02 3.96000000e+01 2.82593000e-02 1.24843000e+02
 5.00000000e+03 4.20000000e+00 5.08000000e-02 7.13000000e+01 1.42788000e-03 1.32828000e+02
 6.30000000e+02 1.26000000e+01 1.52400000e-01 3.96000000e+01 5.84113000e-02 1.16550000e+02
 2.00000000e+03 0.00000000e+00 2.28600000e-01 3.96000000e+01 2.53511000e-03 1.25305000e+02
 2.50000000e+03 0.00000000e+00 1.01600000e-01 5.55000000e+01 1.31983000e-03 1.33040000e+02
 2.00000000e+03 6.70000000e+00 1.01600000e-01 7.13000000e+01 4.78288000e-03 1.34568000e+02
 5.00000000e+03 9.90000000e+00 1.52400000e-01 5.55000000e+01 2.08438000e-02 1.12065000e+02
 3.15000000e+02 9.50000000e+00 2.54000000e-02 3.17000000e+01 4.61377000e-03 1.22766000e+02
 2.00000000e+03 6.70000000e+00 1.01600000e-01 5.55000000e+01 5.21390000e-03 1.29653000e+02
 8.00000000e+02 4.80000000e+00 2.54000000e-02 3.96000000e+01 9.07475000e-04 1.20766000e+02
 2.50000000e+03 4.80000000e+00 2.54000000e-02 7.13000000e+01 8.48633000e-04 1.30828000e+02
 1.00000000e+03 7.20000000e+00 1.52400000e-01 3.96000000e+01 9.09175000e-03 1.28338000e+02
 4.00000000e+03 1.56000000e+01 1.01600000e-01 7.13000000e+01 4.37259000e-02 1.13298000e+02
 2.50000000e+03 2.22000000e+01 2.54000000e-02 3.96000000e+01 2.29028000e-02 1.21306000e+02
 4.00000000e+03 1.23000000e+01 1.01600000e-01 3.96000000e+01 4.08268000e-02 1.10905000e+02
 3.15000000e+02 0.00000000e+00 2.28600000e-01 5.55000000e+01 2.29336000e-03 1.19540000e+02
 3.15000000e+02 9.50000000e+00 2.54000000e-02 3.96000000e+01 4.49821000e-03 1.19294000e+02
 2.50000000e+03 8.90000000e+00 1.01600000e-01 3.96000000e+01 1.24596000e-02 1.19190000e+02
 3.15000000e+03 2.70000000e+00 1.52400000e-01 3.96000000e+01 2.94804000e-03 1.22919000e+02
 1.60000000e+03 0.00000000e+00 5.08000000e-02 5.55000000e+01 7.61930000e-04 1.28576000e+02
 5.00000000e+03 0.00000000e+00 5.08000000e-02 5.55000000e+01 7.61930000e-04 1.34556000e+02
 5.00000000e+02 1.27000000e+01 2.54000000e-02 3.96000000e+01 1.30253000e-02 1.27127000e+02
 3.15000000e+03 4.80000000e+00 2.54000000e-02 7.13000000e+01 8.48633000e-04 1.33378000e+02
 3.15000000e+03 8.40000000e+00 5.08000000e-02 3.17000000e+01 5.80776000e-03 1.22086000e+02
 1.25000000e+03 9.90000000e+00 1.52400000e-01 7.13000000e+01 1.93001000e-02 1.22679000e+02
 2.50000000e+03 1.56000000e+01 1.01600000e-01 7.13000000e+01 4.37259000e-02 1.18998000e+02
 2.00000000e+02 1.23000000e+01 1.01600000e-01 5.55000000e+01 3.68233000e-02 1.32304000e+02
 6.30000000e+02 1.54000000e+01 5.08000000e-02 3.96000000e+01 2.82593000e-02 1.27443000e+02
 5.00000000e+02 1.56000000e+01 1.01600000e-01 3.96000000e+01 5.28487000e-02 1.15304000e+02
 3.15000000e+02 4.00000000e+00 3.04800000e-01 7.13000000e+01 4.97773000e-03 1.28175000e+02
 3.15000000e+02 8.90000000e+00 1.01600000e-01 3.96000000e+01 1.24596000e-02 1.35380000e+02
 1.00000000e+03 1.74000000e+01 2.54000000e-02 7.13000000e+01 1.61040000e-02 1.25816000e+02
 8.00000000e+02 7.30000000e+00 2.28600000e-01 3.17000000e+01 1.32672000e-02 1.23209000e+02
 1.60000000e+03 5.40000000e+00 1.52400000e-01 5.55000000e+01 4.33288000e-03 1.30567000e+02
 8.00000000e+03 3.00000000e+00 3.04800000e-01 3.96000000e+01 4.95741000e-03 1.10652000e+02
 8.00000000e+03 0.00000000e+00 1.52400000e-01 5.55000000e+01 1.72668000e-03 1.21903000e+02
 5.00000000e+02 0.00000000e+00 2.28600000e-01 5.55000000e+01 2.29336000e-03 1.23780000e+02
 2.50000000e+03 1.97000000e+01 5.08000000e-02 3.96000000e+01 3.64840000e-02 1.16184000e+02
 6.30000000e+02 7.20000000e+00 1.52400000e-01 3.96000000e+01 9.09175000e-03 1.33198000e+02
 4.00000000e+03 4.20000000e+00 5.08000000e-02 3.96000000e+01 1.52689000e-03 1.31807000e+02
 1.00000000e+03 5.40000000e+00 1.52400000e-01 3.96000000e+01 4.85029000e-03 1.30507000e+02
 2.50000000e+03 2.00000000e+00 2.28600000e-01 5.55000000e+01 3.13525000e-03 1.23862000e+02
 1.25000000e+03 2.00000000e+00 2.28600000e-01 7.13000000e+01 2.93031000e-03 1.28816000e+02
 5.00000000e+03 0.00000000e+00 5.08000000e-02 7.13000000e+01 7.40478000e-04 1.34430000e+02
 6.30000000e+03 1.23000000e+01 1.01600000e-01 5.55000000e+01 3.68233000e-02 1.10124000e+02
 6.30000000e+02 0.00000000e+00 1.01600000e-01 3.96000000e+01 1.46332000e-03 1.25401000e+02
 1.00000000e+03 1.50000000e+00 3.04800000e-01 3.96000000e+01 3.92107000e-03 1.27581000e+02
 8.00000000e+02 9.50000000e+00 2.54000000e-02 3.96000000e+01 4.49821000e-03 1.29014000e+02
 8.00000000e+02 0.00000000e+00 5.08000000e-02 5.55000000e+01 7.61930000e-04 1.24336000e+02
 2.00000000e+02 1.23000000e+01 1.01600000e-01 7.13000000e+01 3.37792000e-02 1.30588000e+02
 4.00000000e+03 8.40000000e+00 5.08000000e-02 7.13000000e+01 5.29514000e-03 1.26926000e+02
 2.00000000e+03 1.97000000e+01 5.08000000e-02 7.13000000e+01 3.41183000e-02 1.20055000e+02
 1.00000000e+04 3.00000000e+00 3.04800000e-01 7.13000000e+01 4.25727000e-03 1.10224000e+02
 8.00000000e+02 3.00000000e+00 3.04800000e-01 3.96000000e+01 4.95741000e-03 1.29552000e+02
 1.25000000e+03 4.00000000e+00 2.28600000e-01 5.55000000e+01 4.28620000e-03 1.31264000e+02
 2.00000000e+03 0.00000000e+00 5.08000000e-02 3.17000000e+01 8.12164000e-04 1.33010000e+02
 3.15000000e+03 2.22000000e+01 2.54000000e-02 3.96000000e+01 2.29028000e-02 1.20856000e+02
 1.00000000e+03 0.00000000e+00 1.52400000e-01 5.55000000e+01 1.72668000e-03 1.28583000e+02
 4.00000000e+02 1.23000000e+01 1.01600000e-01 3.96000000e+01 4.08268000e-02 1.28265000e+02
 3.15000000e+03 3.00000000e+00 3.04800000e-01 5.55000000e+01 4.52492000e-03 1.20189000e+02
 2.50000000e+02 0.00000000e+00 3.04800000e-01 3.96000000e+01 3.10138000e-03 1.19319000e+02
 8.00000000e+02 9.90000000e+00 1.52400000e-01 5.55000000e+01 2.08438000e-02 1.26565000e+02
 4.00000000e+02 6.70000000e+00 1.01600000e-01 3.17000000e+01 5.92927000e-03 1.28296000e+02
 3.15000000e+02 1.56000000e+01 1.01600000e-01 7.13000000e+01 4.37259000e-02 1.33808000e+02
 1.25000000e+03 1.74000000e+01 2.54000000e-02 3.17000000e+01 1.76631000e-02 1.28306000e+02
 5.00000000e+02 6.70000000e+00 1.01600000e-01 3.17000000e+01 5.92927000e-03 1.30206000e+02
 3.15000000e+02 1.54000000e+01 5.08000000e-02 3.96000000e+01 2.82593000e-02 1.24493000e+02
 1.00000000e+03 1.74000000e+01 2.54000000e-02 3.17000000e+01 1.76631000e-02 1.31796000e+02
 6.30000000e+03 4.80000000e+00 2.54000000e-02 3.96000000e+01 9.07475000e-04 1.34336000e+02
 4.00000000e+03 9.90000000e+00 1.52400000e-01 7.13000000e+01 1.93001000e-02 1.15079000e+02
 8.00000000e+02 1.74000000e+01 2.54000000e-02 3.17000000e+01 1.76631000e-02 1.39226000e+02
 6.30000000e+02 1.56000000e+01 1.01600000e-01 7.13000000e+01 4.37259000e-02 1.22288000e+02
 5.00000000e+03 4.80000000e+00 2.54000000e-02 7.13000000e+01 8.48633000e-04 1.35468000e+02
 4.00000000e+03 3.00000000e+00 3.04800000e-01 3.96000000e+01 4.95741000e-03 1.16792000e+02
 4.00000000e+03 2.22000000e+01 2.54000000e-02 7.13000000e+01 2.14178000e-02 1.23917000e+02
 1.60000000e+03 5.30000000e+00 2.28600000e-01 7.13000000e+01 5.19420000e-03 1.30460000e+02
 1.25000000e+03 3.00000000e+00 3.04800000e-01 3.96000000e+01 4.95741000e-03 1.25802000e+02
